gene_name,prot_id,number_of_exons,GC,GC3
trbG,WP_203064906.1,2,68.0,81.31
NA,WP_203064907.1,1,69.0,81.15
NA,WP_171379772.1,1,66.0,82.54
NA,WP_171379773.1,1,47.0,45.14
NA,WP_203064908.1,1,43.0,37.69
NA,WP_203064909.1,1,57.99999999999999,61.73
NA,WP_203064910.1,1,59.0,71.64
guaA,WP_203064911.1,1,64.0,85.44
NA,WP_203064912.1,1,62.0,83.71
NA,WP_203064913.1,1,64.0,88.74
NA,WP_182397585.1,1,64.0,85.07
NA,WP_203064914.1,1,64.0,78.0
dtd,WP_203064915.1,1,64.0,77.37
NA,WP_203064916.1,1,67.0,79.67
guaB,WP_035092110.1,1,66.0,84.49
NA,WP_203064917.1,1,63.0,82.2
NA,WP_035028874.1,1,63.0,74.07
dmeF,WP_203064918.1,1,66.0,79.13
NA,WP_035028876.1,1,65.0,88.1
NA,WP_182397592.1,1,65.0,86.03
NA,WP_246513435.1,1,66.0,78.21
NA,WP_203064920.1,1,57.99999999999999,72.1
NA,WP_203064921.1,1,60.0,61.54
NA,WP_203064922.1,1,52.0,52.24
NA,WP_203064923.1,1,52.0,51.09
NA,WP_203064924.1,1,60.0,66.58
NA,WP_203064925.1,1,60.0,70.69
NA,WP_203064926.1,1,62.0,65.04
NA,WP_203064927.1,1,62.0,74.74
NA,WP_203064928.1,1,61.0,72.31
NA,WP_203064929.1,1,61.0,71.97
NA,WP_203064930.1,1,59.0,69.77
NA,WP_203064931.1,1,54.0,54.55
NA,WP_203064932.1,1,63.0,71.96
NA,WP_203064933.1,1,60.0,68.02
NA,WP_203064934.1,1,60.0,71.11
NA,WP_203064935.1,1,60.0,67.42
NA,WP_203064936.1,1,62.0,74.38
NA,WP_203064937.1,1,49.0,53.98
NA,WP_203064938.1,1,56.99999999999999,57.75
NA,WP_035028882.1,1,62.0,69.77
NA,WP_203064939.1,1,64.0,75.76
NA,WP_156046269.1,1,62.0,74.77
NA,WP_203064940.1,1,67.0,76.7
NA,WP_052152304.1,1,68.0,87.91
NA,WP_203064941.1,1,65.0,86.98
NA,WP_203064942.1,1,67.0,88.57
NA,WP_203064943.1,1,66.0,86.45
NA,WP_203064944.1,1,65.0,84.94
NA,WP_035031856.1,1,62.0,86.39
NA,WP_182397656.1,1,64.0,87.38
NA,WP_035092143.1,1,67.0,90.76
NA,WP_203064945.1,1,66.0,86.2
NA,WP_035031864.1,1,62.0,86.41
NA,WP_203064946.1,1,67.0,89.34
NA,WP_203064947.1,1,64.0,89.74
NA,WP_246513438.1,1,65.0,90.2
NA,WP_203064948.1,1,66.0,86.75
NA,WP_203064949.1,1,67.0,86.46
NA,WP_203064950.1,1,67.0,86.55
NA,WP_203064951.1,1,69.0,88.62
NA,WP_203064952.1,1,68.0,84.57
NA,WP_203064953.1,1,66.0,86.49
NA,WP_203064954.1,1,69.0,81.02
NA,WP_203064955.1,1,68.0,81.42
NA,WP_203064956.1,1,67.0,86.68
ugpC,WP_203064957.1,1,66.0,90.62
NA,WP_203064958.1,1,64.0,88.53
NA,WP_035031312.1,1,65.0,90.79
NA,WP_052152499.1,1,62.0,87.02
NA,WP_052015126.1,1,65.0,86.15
NA,WP_203064959.1,1,71.0,87.65
NA,WP_203064960.1,1,66.0,85.51
NA,WP_035094153.1,1,70.0,86.89
NA,WP_156046243.1,1,67.0,86.11
NA,WP_246513440.1,1,65.0,91.2
NA,WP_203064961.1,1,72.0,86.03
NA,WP_203064962.1,1,67.0,83.21
NA,WP_203064963.1,1,70.0,88.4
NA,WP_203064964.1,1,68.0,90.24
NA,WP_203064965.1,1,68.0,87.89
NA,WP_035094140.1,1,67.0,91.11
NA,WP_035094138.1,1,66.0,89.03
NA,WP_203064966.1,1,65.0,89.18
NA,WP_035027406.1,1,61.0,83.37
NA,WP_052152289.1,1,62.0,85.19
NA,WP_035091929.1,1,61.0,91.1
NA,WP_203064968.1,1,67.0,84.11
NA,WP_203064969.1,1,70.0,82.47
NA,WP_203064970.1,1,68.0,86.62
NA,WP_203064971.1,1,67.0,86.21
NA,WP_203064972.1,1,66.0,82.86
NA,WP_035027432.1,1,64.0,89.13
NA,WP_202050226.1,1,68.0,84.15
NA,WP_203064973.1,1,67.0,79.71
NA,WP_156046244.1,1,66.0,75.0
NA,WP_203064974.1,1,67.0,81.61
NA,WP_203064975.1,1,66.0,80.16
kdpC,WP_203064976.1,1,66.0,77.97
kdpB,WP_203064977.1,1,65.0,87.24
kdpA,WP_203064978.1,1,64.0,86.1
kdpF,WP_081840319.1,1,57.99999999999999,75.0
NA,WP_203064979.1,1,57.99999999999999,63.01
NA,WP_182397689.1,1,65.0,83.38
NA,WP_203064980.1,1,65.0,89.04
NA,WP_081899653.1,1,64.0,89.18
NA,WP_035091979.1,1,62.0,93.38
NA,WP_203064981.1,1,64.0,88.95
NA,WP_203064983.1,1,67.0,81.36
NA,WP_035027480.1,1,69.0,87.04
NA,WP_203064984.1,1,65.0,83.29
NA,WP_182397696.1,1,68.0,89.51
NA,WP_035027489.1,1,66.0,90.32
NA,WP_035027492.1,1,69.0,90.52
uxuA,WP_203064985.1,1,66.0,85.64
NA,WP_203064986.1,1,69.0,83.76
NA,WP_246513444.1,1,68.0,84.03
NA,WP_081840321.1,1,65.0,91.2
NA,WP_035027502.1,1,63.0,88.15
NA,WP_035092001.1,1,65.0,84.92
NA,WP_203064988.1,1,69.0,78.1
NA,WP_203064989.1,1,69.0,81.77
NA,WP_203064990.1,1,67.0,85.2
NA,WP_203066285.1,1,67.0,81.17
NA,WP_035027515.1,1,68.0,84.78
NA,WP_182397703.1,1,65.0,81.48
NA,WP_203064991.1,1,68.0,82.64
NA,WP_246513446.1,1,70.0,87.26
NA,WP_203064992.1,1,67.0,81.85
NA,WP_203064993.1,1,67.0,85.58
NA,WP_182397708.1,1,67.0,91.53
NA,WP_203064994.1,1,63.0,92.67
NA,WP_035089559.1,1,62.0,90.04
NA,WP_281394942.1,1,65.0,82.35
NA,WP_035027541.1,1,64.0,85.65
NA,WP_203064996.1,1,67.0,82.31
NA,WP_035027544.1,1,63.0,89.08
NA,WP_203064997.1,1,63.0,77.9
NA,WP_035089553.1,1,64.0,86.45
NA,WP_035027553.1,1,66.0,88.82
NA,WP_203064998.1,1,63.0,86.67
NA,WP_035089549.1,1,65.0,87.08
hpaR,WP_052014877.1,1,65.0,84.14
NA,WP_203064999.1,1,64.0,83.19
hpaE,WP_203065000.1,1,66.0,85.89
hpaD,WP_035027566.1,1,64.0,85.49
NA,WP_035027568.1,1,64.0,82.87
gabD,WP_203065001.1,1,66.0,85.29
NA,WP_203065002.1,1,66.0,85.41
hpaH,WP_035089540.1,1,65.0,84.11
hpaI,WP_203065003.1,1,67.0,84.38
NA,WP_203065004.1,1,66.0,85.34
NA,WP_203065005.1,1,66.0,81.82
NA,WP_203065006.1,1,66.0,82.42
NA,WP_203065007.1,1,67.0,82.86
NA,WP_203065008.1,1,66.0,83.42
NA,WP_203065009.1,1,70.0,88.99
NA,WP_203065010.1,1,65.0,84.02
NA,WP_203065011.1,1,66.0,81.22
NA,WP_203065012.1,1,65.0,85.0
NA,WP_203065013.1,1,66.0,84.69
NA,WP_203065014.1,1,66.0,84.15
NA,WP_203065015.1,1,66.0,81.82
NA,WP_203065016.1,1,65.0,84.47
NA,WP_203065017.1,1,65.0,83.63
NA,WP_203065018.1,1,67.0,80.4
NA,WP_203065019.1,1,68.0,83.06
NA,WP_203065020.1,1,65.0,88.64
NA,WP_203065021.1,1,66.0,86.71
NA,WP_203065022.1,1,67.0,85.44
NA,WP_035027635.1,1,64.0,84.35
NA,WP_035027638.1,1,67.0,88.17
NA,WP_203065023.1,1,68.0,83.18
NA,WP_203065024.1,1,67.0,83.56
NA,WP_203065025.1,1,69.0,82.53
NA,WP_203065026.1,1,67.0,82.99
NA,WP_203065027.1,1,63.0,85.0
NA,WP_203065028.1,1,63.0,87.25
NA,WP_035089494.1,1,68.0,87.35
NA,WP_203065029.1,1,64.0,84.63
NA,WP_182397740.1,1,68.0,85.57
mnhG,WP_035027659.1,1,64.0,87.72
NA,WP_203065030.1,1,64.0,85.71
NA,WP_203065031.1,1,64.0,88.82
NA,WP_203065032.1,1,66.0,86.06
NA,WP_035027671.1,1,67.0,89.22
NA,WP_203065033.1,1,65.0,89.58
NA,WP_203065034.1,1,67.0,81.66
efp,WP_035027678.1,1,63.0,89.44
epmA,WP_203065035.1,1,65.0,79.25
NA,WP_203065036.1,1,66.0,83.48
NA,WP_203065037.1,1,64.0,87.0
NA,WP_203065038.1,1,66.0,86.36
NA,WP_035027693.1,1,68.0,90.32
NA,WP_035027696.1,1,64.0,89.24
NA,WP_052014881.1,1,63.0,83.67
NA,WP_035027954.1,1,62.0,91.14
NA,WP_035027699.1,1,61.0,89.51
NA,WP_203065039.1,1,64.0,87.2
NA,WP_203065040.1,1,64.0,89.1
NA,WP_246513449.1,1,68.0,86.63
NA,WP_203065042.1,1,66.0,84.23
NA,WP_203065043.1,1,69.0,79.12
NA,WP_246513451.1,1,66.0,86.26
NA,WP_246513453.1,1,66.0,83.84
NA,WP_203065044.1,1,64.0,86.44
cueR,WP_035027717.1,1,66.0,84.4
NA,WP_203065045.1,1,70.0,90.99
NA,WP_035027723.1,1,65.0,87.38
NA,WP_246513454.1,1,65.0,82.63
NA,WP_035027726.1,1,63.0,87.94
NA,WP_203065046.1,1,64.0,85.04
NA,WP_203065047.1,1,67.0,90.22
NA,WP_035027969.1,1,66.0,88.6
NA,WP_035027737.1,1,65.0,87.87
NA,WP_203065048.1,1,67.0,86.29
NA,WP_203065049.1,1,67.0,89.52
NA,WP_203065050.1,1,64.0,85.21
NA,WP_203065051.1,1,68.0,81.36
NA,WP_203065052.1,1,67.0,87.33
rpe,WP_203065053.1,1,65.0,81.31
cbbX,WP_203065054.1,1,64.0,85.19
NA,WP_182397760.1,1,64.0,91.54
NA,WP_035027759.1,1,64.0,88.05
fba,WP_035027762.1,1,64.0,84.57
NA,WP_203065055.1,1,68.0,83.17
NA,WP_182397763.1,1,62.0,85.05
NA,WP_203065056.1,1,65.0,83.19
NA,WP_035089446.1,1,65.0,84.12
NA,WP_081840328.1,1,66.0,84.48
pqqA,WP_035027773.1,1,53.0,76.47
pqqB,WP_203065057.1,1,65.0,80.89
pqqC,WP_035027779.1,1,62.0,82.45
pqqD,WP_203065058.1,1,67.0,87.63
pqqE,WP_203065059.1,1,62.0,81.98
pip,WP_203065060.1,1,64.0,71.43
NA,WP_203065061.1,1,65.0,83.18
NA,WP_203066289.1,1,61.0,88.72
NA,WP_035027794.1,1,59.0,87.28
NA,WP_035027797.1,1,63.0,83.69
NA,WP_203065063.1,1,65.0,79.98
NA,WP_203065064.1,1,65.0,76.76
nadC,WP_211200053.1,1,64.0,74.73
cysQ,WP_203065065.1,1,63.0,72.24
NA,WP_035027807.1,1,62.0,77.71
NA,WP_203065066.1,1,66.0,79.9
NA,WP_052014889.1,1,62.0,84.57
NA,WP_203065067.1,1,63.0,81.88
NA,WP_035027809.1,1,63.0,86.76
NA,WP_035089414.1,1,65.0,78.79
NA,WP_203065068.1,1,67.0,73.62
cimA,WP_203065069.1,1,63.0,81.3
NA,WP_182397780.1,1,64.0,80.41
NA,WP_203065070.1,1,65.0,76.55
NA,WP_203066291.1,1,63.0,78.26
NA,WP_246513457.1,1,62.0,78.22
cysS,WP_203065071.1,1,64.0,79.87
NA,WP_203065072.1,1,66.0,81.6
NA,WP_035089396.1,1,65.0,83.47
gltX,WP_203065073.1,1,65.0,84.49
NA,WP_203065074.1,1,64.0,86.68
NA,WP_152571811.1,1,64.0,83.22
NA,WP_035027853.1,1,67.0,83.33
NA,WP_035027856.1,1,66.0,86.83
gorA,WP_203065075.1,1,65.0,85.97
NA,WP_035027862.1,1,63.0,89.22
rpiA,WP_203065076.1,1,64.0,77.38
NA,WP_035027866.1,1,65.0,79.26
moaA,WP_203065077.1,1,68.0,88.96
NA,WP_246513459.1,1,70.0,84.86
NA,WP_035027872.1,1,67.0,85.71
NA,WP_035027875.1,1,60.0,84.0
NA,WP_203065079.1,1,67.0,80.35
NA,WP_081840333.1,1,66.0,86.0
cobT,WP_203065080.1,1,68.0,86.32
NA,WP_203065081.1,1,71.0,91.18
NA,WP_203065082.1,1,65.0,88.84
NA,WP_182397795.1,1,62.0,84.83
NA,WP_052152050.1,1,66.0,85.84
dusA,WP_203065083.1,1,67.0,82.12
NA,WP_035027887.1,1,65.0,81.33
NA,WP_035089328.1,1,68.0,81.76
NA,WP_035027893.1,1,67.0,81.25
NA,WP_203065084.1,1,64.0,85.64
NA,WP_203065085.1,1,69.0,86.09
NA,WP_203065086.1,1,68.0,79.71
NA,WP_203065087.1,1,56.99999999999999,75.86
NA,WP_035027908.1,1,64.0,86.67
NA,WP_246513461.1,1,67.0,81.69
NA,WP_035028018.1,1,66.0,78.87
NA,WP_203065088.1,1,61.0,77.01
NA,WP_203065089.1,1,64.0,89.15
NA,WP_203065090.1,1,64.0,88.05
NA,WP_246513721.1,1,65.0,89.63
NA,WP_203065092.1,1,54.0,55.26
NA,WP_203065093.1,1,64.0,86.97
NA,WP_203065094.1,1,64.0,88.11
NA,WP_035035150.1,1,65.0,88.47
pepN,WP_203065095.1,1,65.0,84.52
NA,WP_203065096.1,1,66.0,82.46
NA,WP_035035159.1,1,63.0,84.57
NA,WP_246513463.1,1,69.0,90.31
NA,WP_203065098.1,1,67.0,86.55
NA,WP_203065099.1,1,67.0,84.98
NA,WP_035035168.1,1,66.0,85.31
NA,WP_035035170.1,1,63.0,82.24
NA,WP_035035174.1,1,64.0,83.23
NA,WP_203065100.1,1,67.0,85.11
NA,WP_203065101.1,1,66.0,87.85
ccmE,WP_035095398.1,1,65.0,85.62
ccmI,WP_182397817.1,1,68.0,81.07
NA,WP_203065102.1,1,68.0,75.0
NA,WP_203065103.1,1,67.0,75.35
NA,WP_182397823.1,1,68.0,85.79
NA,WP_052015508.1,1,68.0,81.76
NA,WP_035095324.1,1,65.0,83.56
NA,WP_035035200.1,1,65.0,86.67
NA,WP_152572042.1,1,66.0,82.22
NA,WP_203065104.1,1,65.0,83.87
NA,WP_203065105.1,1,68.0,82.38
NA,WP_203065106.1,1,71.0,83.72
NA,WP_203065107.1,1,66.0,79.79
NA,WP_203065108.1,1,68.0,82.14
NA,WP_203065109.1,1,71.0,86.13
NA,WP_035095340.1,1,70.0,74.55
NA,WP_182397841.1,1,72.0,84.38
NA,WP_203065110.1,1,68.0,86.82
NA,WP_203065111.1,1,68.0,79.53
NA,WP_203065112.1,1,70.0,83.65
NA,WP_203065113.1,1,69.0,88.27
NA,WP_035035223.1,1,67.0,88.66
NA,WP_203065114.1,1,68.0,85.16
NA,WP_281394946.1,1,72.0,87.88
NA,WP_035035225.1,1,62.0,87.04
NA,WP_203065115.1,1,66.0,81.87
NA,WP_203065116.1,1,68.0,88.39
NA,WP_246513466.1,1,71.0,86.48
NA,WP_203065117.1,1,61.0,83.85
NA,WP_203065118.1,1,65.0,83.61
NA,WP_035032544.1,1,65.0,86.82
NA,WP_203065119.1,1,69.0,77.78
NA,WP_203065120.1,1,67.0,83.99
NA,WP_152572046.1,1,67.0,85.95
NA,WP_203065121.1,1,64.0,86.03
NA,WP_203065122.1,1,67.0,82.71
NA,WP_203065123.1,1,65.0,84.95
NA,WP_035032555.1,1,67.0,83.5
NA,WP_203065124.1,1,69.0,88.65
NA,WP_203065125.1,1,65.0,83.95
NA,WP_203065126.1,1,70.0,81.32
NA,WP_035032565.1,1,65.0,83.72
NA,WP_203065127.1,1,71.0,80.08
NA,WP_246513468.1,1,69.0,82.58
NA,WP_035032854.1,1,63.0,84.21
NA,WP_035032849.1,1,65.0,78.35
NA,WP_035032848.1,1,64.0,90.67
NA,WP_203065128.1,1,69.0,91.25
NA,WP_035032906.1,1,66.0,90.52
NA,WP_035094463.1,1,65.0,85.5
NA,WP_203065129.1,1,67.0,88.83
msrB,WP_182397955.1,1,65.0,83.2
NA,WP_203065130.1,1,68.0,85.79
NA,WP_035032834.1,1,66.0,72.6
NA,WP_035032832.1,1,66.0,79.43
NA,WP_203065131.1,1,65.0,84.57
NA,WP_035032828.1,1,60.0,85.86
NA,WP_203063939.1,1,69.0,84.39
NA,WP_203065132.1,1,69.0,86.42
clpS,WP_035032822.1,1,63.0,89.13
NA,WP_035032819.1,1,69.0,91.11
NA,WP_035032816.1,1,68.0,89.78
NA,WP_203065133.1,1,68.0,88.74
NA,WP_203065134.1,1,69.0,85.67
NA,WP_035094449.1,1,68.0,92.23
NA,WP_203065135.1,1,66.0,88.17
NA,WP_246513335.1,1,69.0,84.86
NA,WP_203065136.1,1,67.0,87.6
NA,WP_035032796.1,1,64.0,81.45
NA,WP_182400401.1,1,63.0,83.4
NA,WP_203065137.1,1,66.0,85.97
ugpE,WP_035089633.1,1,63.0,90.48
ugpA,WP_035032783.1,1,60.0,87.02
ugpB,WP_035032781.1,1,62.0,87.96
NA,WP_203065138.1,1,64.0,85.5
NA,WP_203065139.1,1,65.0,79.86
uxaC,WP_203065140.1,1,65.0,80.74
NA,WP_203065141.1,1,66.0,81.58
NA,WP_035032769.1,1,63.0,74.43
NA,WP_203065143.1,1,63.0,80.38
tdh,WP_182397988.1,1,63.0,81.93
NA,WP_203065144.1,1,63.0,77.63
NA,WP_035089652.1,1,65.0,82.78
NA,WP_203065145.1,1,60.0,78.31
ahpC,WP_035032757.1,1,64.0,88.76
ahpF,WP_203065146.1,1,67.0,88.74
NA,WP_203065147.1,1,68.0,82.83
NA,WP_203065149.1,1,60.0,69.81
NA,WP_203065150.1,1,60.0,74.32
NA,WP_203065151.1,1,62.0,73.12
NA,WP_081899512.1,1,60.0,76.39
NA,WP_203065152.1,1,57.99999999999999,74.67
NA,WP_203065153.1,1,63.0,70.9
NA,WP_203065154.1,1,60.0,66.63
NA,WP_203065155.1,1,63.0,74.04
NA,WP_203065156.1,1,64.0,79.44
NA,WP_203065157.1,1,61.0,82.94
NA,WP_203065158.1,1,65.0,74.42
NA,WP_203065159.1,1,63.0,75.12
sulP,WP_203065160.1,1,63.0,79.27
NA,WP_035032730.1,1,65.0,76.77
NA,WP_203065161.1,1,63.0,84.03
NA,WP_203065162.1,1,63.0,73.72
NA,WP_203065163.1,1,65.0,74.63
NA,WP_203065164.1,1,61.0,82.42
NA,WP_203065165.1,1,67.0,82.53
NA,WP_203065166.1,1,61.0,76.34
NA,WP_035089688.1,1,64.0,85.19
NA,WP_203065167.1,1,67.0,82.78
NA,WP_203065168.1,1,64.0,76.76
NA,WP_035032714.1,1,63.0,77.21
NA,WP_203065169.1,1,61.0,76.58
NA,WP_203065170.1,1,66.0,76.55
NA,WP_035032706.1,1,61.0,81.46
NA,WP_035032700.1,1,64.0,75.78
NA,WP_203066296.1,1,63.0,69.54
NA,WP_052015236.1,1,63.0,81.25
NA,WP_246513470.1,1,66.0,80.21
NA,WP_052015235.1,1,66.0,77.69
NA,WP_035032696.1,1,61.0,86.78
NA,WP_035032694.1,1,62.0,77.27
NA,WP_035032692.1,1,66.0,82.54
NA,WP_156046356.1,1,65.0,86.08
NA,WP_203065172.1,1,56.99999999999999,61.98
NA,WP_203065173.1,1,69.0,84.86
gcvPB,WP_203065174.1,1,67.0,85.21
gcvPA,WP_203065175.1,1,66.0,85.84
gcvH,WP_203065176.1,1,64.0,87.5
gcvT,WP_203065177.1,1,67.0,80.74
NA,WP_035032677.1,1,66.0,84.86
NA,WP_203065178.1,1,63.0,75.48
NA,WP_035032672.1,1,65.0,85.11
NA,WP_052015234.1,1,64.0,84.15
NA,WP_035032666.1,1,66.0,86.01
NA,WP_182398033.1,1,65.0,80.83
NA,WP_035032660.1,1,65.0,84.35
thrC,WP_203065179.1,1,66.0,85.46
NA,WP_203065180.1,1,67.0,87.85
NA,WP_035032653.1,1,65.0,88.5
NA,WP_035032650.1,1,63.0,88.06
NA,WP_035032646.1,1,59.0,80.35
NA,WP_182398036.1,1,64.0,86.36
NA,WP_246513626.1,1,63.0,83.5
ctaD,WP_035032640.1,1,62.0,86.74
coxB,WP_035032636.1,1,61.0,78.91
NA,WP_035032859.1,1,65.0,84.52
NA,WP_203065182.1,1,65.0,87.5
NA,WP_203065183.1,1,65.0,83.19
NA,WP_203065184.1,1,65.0,77.22
ubiA,WP_035032627.1,1,65.0,86.87
NA,WP_035032625.1,1,66.0,86.16
NA,WP_156046354.1,1,64.0,80.12
NA,WP_203065185.1,1,67.0,69.39
NA,WP_035035409.1,1,65.0,88.52
NA,WP_203065186.1,1,63.0,87.64
NA,WP_035035406.1,1,66.0,87.71
NA,WP_246513472.1,1,63.0,87.1
NA,WP_052015537.1,1,62.0,90.44
NA,WP_203065187.1,1,66.0,89.4
NA,WP_203065188.1,1,64.0,82.41
NA,WP_203065189.1,1,65.0,81.38
NA,WP_035035394.1,1,67.0,81.25
NA,WP_203065190.1,1,64.0,79.0
NA,WP_160176270.1,1,67.0,83.56
NA,WP_203065191.1,1,66.0,80.22
NA,WP_203065192.1,1,61.0,88.57
NA,WP_203065193.1,1,70.0,85.34
NA,WP_203065194.1,1,68.0,80.54
NA,WP_035035384.1,1,61.0,76.56
xseA,WP_203065195.1,1,68.0,84.71
purD,WP_203065196.1,1,65.0,77.59
NA,WP_203065197.1,1,67.0,80.45
NA,WP_203065198.1,1,68.0,80.71
mutL,WP_203065199.1,1,68.0,84.43
ileS,WP_203065200.1,1,64.0,86.26
lspA,WP_203065201.1,1,65.0,88.37
NA,WP_035035366.1,1,65.0,77.09
NA,WP_203065202.1,1,72.0,81.55
rsmD,WP_203065203.1,1,66.0,77.27
NA,WP_203065204.1,1,66.0,74.6
NA,WP_203065205.1,1,66.0,83.17
NA,WP_203065206.1,1,66.0,81.36
NA,WP_203065207.1,1,64.0,75.95
NA,WP_246513474.1,1,66.0,78.46
NA,WP_203065208.1,1,64.0,70.13
NA,WP_203065209.1,1,61.0,77.69
NA,WP_035035349.1,1,63.0,76.92
NA,WP_035035346.1,1,62.0,82.56
groL,WP_035035344.1,1,64.0,84.17
NA,WP_203065210.1,1,65.0,88.24
NA,WP_203065211.1,1,64.0,84.56
NA,WP_203065212.1,1,62.0,80.95
NA,WP_197030253.1,1,67.0,86.19
NA,WP_246513476.1,1,65.0,82.75
hisG,WP_035090424.1,1,66.0,82.53
NA,WP_203065213.1,1,70.0,83.86
hisS,WP_203065214.1,1,65.0,85.15
NA,WP_182398067.1,1,71.0,83.82
NA,WP_203065215.1,1,68.0,81.69
NA,WP_203065216.1,1,63.0,82.72
NA,WP_052152157.1,1,65.0,84.26
NA,WP_203065217.1,1,59.0,77.05
NA,WP_203065218.1,1,68.0,81.13
NA,WP_203066299.1,1,64.0,84.74
NA,WP_203065219.1,1,66.0,85.71
NA,WP_203065220.1,1,66.0,87.04
NA,WP_203065221.1,1,68.0,81.24
NA,WP_203065222.1,1,66.0,82.11
NA,WP_203066300.1,1,62.0,84.69
NA,WP_035090452.1,1,66.0,87.47
NA,WP_203065223.1,1,65.0,88.69
NA,WP_203066301.1,1,61.0,90.52
NA,WP_035035300.1,1,64.0,89.49
NA,WP_203065224.1,1,67.0,80.84
NA,WP_203065225.1,1,65.0,86.85
NA,WP_203065226.1,1,69.0,84.75
fsa,WP_035090460.1,1,63.0,87.02
NA,WP_182398081.1,1,64.0,83.12
NA,WP_203065227.1,1,70.0,82.58
NA,WP_203065228.1,1,67.0,87.65
NA,WP_203065229.1,1,66.0,87.4
NA,WP_203065230.1,1,67.0,88.95
NA,WP_035035281.1,1,63.0,86.42
NA,WP_203065231.1,1,67.0,88.41
NA,WP_035035274.1,1,65.0,88.35
NA,WP_203065232.1,1,63.0,86.14
NA,WP_203065233.1,1,65.0,85.57
NA,WP_035035268.1,1,69.0,86.02
NA,WP_203065234.1,1,68.0,88.73
glpD,WP_203065235.1,1,65.0,85.17
glpK,WP_182398090.1,1,66.0,86.63
NA,WP_052015724.1,1,69.0,85.19
NA,WP_203065236.1,1,64.0,84.92
NA,WP_203065237.1,1,59.0,77.69
NA,WP_203065238.1,1,66.0,83.77
NA,WP_052015714.1,1,67.0,85.4
NA,WP_203065239.1,1,62.0,77.78
NA,WP_035036368.1,1,63.0,87.87
NA,WP_035036366.1,1,64.0,88.42
NA,WP_081899517.1,1,65.0,90.51
NA,WP_035036389.1,1,64.0,87.16
NA,WP_203065240.1,1,63.0,86.77
NA,WP_035036362.1,1,65.0,89.0
NA,WP_156046453.1,1,65.0,89.13
NA,WP_035089717.1,1,69.0,88.89
NA,WP_052015709.1,1,69.0,91.34
NA,WP_035036358.1,1,67.0,81.09
NA,WP_035036355.1,1,62.0,81.06
NA,WP_152571825.1,1,60.0,79.44
csgH,WP_035036350.1,1,64.0,81.61
NA,WP_203065241.1,1,66.0,83.11
NA,WP_203065242.1,1,67.0,86.97
NA,WP_203065243.1,1,68.0,87.43
NA,WP_203065244.1,1,67.0,86.19
NA,WP_203065245.1,1,65.0,86.08
NA,WP_203065246.1,1,63.0,84.45
NA,WP_203065247.1,1,62.0,88.54
NA,WP_203065249.1,1,64.0,86.98
NA,WP_203065250.1,1,65.0,90.08
NA,WP_052015699.1,1,62.0,88.24
NA,WP_035089732.1,1,64.0,83.29
NA,WP_203065251.1,1,65.0,84.84
NA,WP_203065252.1,1,67.0,86.88
NA,WP_035036325.1,1,57.99999999999999,86.21
NA,WP_203065253.1,1,68.0,80.24
NA,WP_203065254.1,1,65.0,78.05
NA,WP_246513479.1,1,67.0,86.14
NA,WP_203065255.1,1,65.0,84.65
NA,WP_203065256.1,1,69.0,79.06
NA,WP_035089740.1,1,69.0,84.55
NA,WP_203066303.1,1,69.0,81.21
NA,WP_246513480.1,1,64.0,86.07
NA,WP_203065258.1,1,64.0,93.84
NA,WP_035036876.1,1,65.0,92.74
NA,WP_035036874.1,1,64.0,87.12
NA,WP_203065259.1,1,66.0,84.52
NA,WP_081840746.1,1,62.0,84.44
NA,WP_035036868.1,1,65.0,87.12
NA,WP_203065260.1,1,68.0,86.44
NA,WP_203065261.1,1,69.0,84.42
NA,WP_246513481.1,1,67.0,82.88
NA,WP_203065263.1,1,69.0,85.17
bcsA,WP_203065264.1,1,65.0,89.15
bcsN,WP_203065265.1,1,67.0,78.71
NA,WP_203065266.1,1,64.0,83.64
NA,WP_203065267.1,1,59.0,91.67
NA,WP_246513630.1,1,65.0,81.6
NA,WP_203066305.1,1,68.0,81.65
NA,WP_203065269.1,1,65.0,81.27
yacG,WP_035089772.1,1,65.0,80.7
NA,WP_035036843.1,1,67.0,83.74
infA,WP_035036841.1,1,56.99999999999999,76.19
NA,WP_246513632.1,1,63.0,74.05
hisD,WP_203065270.1,1,68.0,85.27
NA,WP_035089776.1,1,66.0,80.45
NA,WP_203065271.1,1,49.0,54.35
NA,WP_203065272.1,1,53.0,62.71
murA,WP_203065273.1,1,67.0,87.41
NA,WP_203065274.1,1,66.0,82.5
NA,WP_203065275.1,1,66.0,84.19
NA,WP_203065276.1,1,65.0,82.98
NA,WP_203065277.1,1,66.0,82.18
NA,WP_203065278.1,1,65.0,90.36
NA,WP_203065279.1,1,69.0,79.96
NA,WP_035089802.1,1,67.0,85.9
NA,WP_035089804.1,1,67.0,87.62
NA,WP_182398134.1,1,66.0,80.88
NA,WP_203065280.1,1,66.0,84.93
NA,WP_035031549.1,1,64.0,75.28
NA,WP_035031545.1,1,67.0,86.85
NA,WP_203065281.1,1,64.0,80.57
NA,WP_203065282.1,1,65.0,82.04
NA,WP_203065283.1,1,63.0,85.89
NA,WP_203065284.1,1,69.0,84.67
NA,WP_203065285.1,1,65.0,82.06
hemA,WP_035031526.1,1,64.0,83.93
NA,WP_203065286.1,1,62.0,69.16
NA,WP_052015151.1,1,66.0,85.64
mscL,WP_035031524.1,1,61.0,86.96
NA,WP_203065287.1,1,67.0,84.19
NA,WP_035031522.1,1,66.0,81.22
NA,WP_203065288.1,1,69.0,85.89
NA,WP_035031518.1,1,65.0,87.04
NA,WP_203065289.1,1,64.0,91.36
NA,WP_203065290.1,1,64.0,89.5
NA,WP_203065291.1,1,68.0,86.92
pdeM,WP_203065292.1,1,69.0,83.04
NA,WP_246513483.1,1,67.0,86.89
NA,WP_203065293.1,1,69.0,85.51
NA,WP_203065294.1,1,68.0,89.95
NA,WP_246513633.1,1,67.0,87.46
NA,WP_203065296.1,1,68.0,83.33
NA,WP_035031499.1,1,67.0,85.78
NA,WP_035031496.1,1,66.0,80.31
NA,WP_203065297.1,1,64.0,87.5
NA,WP_035031490.1,1,65.0,84.73
NA,WP_203065298.1,1,68.0,85.45
NA,WP_052152100.1,1,59.0,76.09
NA,WP_203065299.1,1,68.0,86.53
NA,WP_035089889.1,1,67.0,85.98
NA,WP_246513485.1,1,69.0,85.63
NA,WP_035031481.1,1,67.0,86.91
NA,WP_203065300.1,1,66.0,84.32
NA,WP_182398152.1,1,64.0,85.58
NA,WP_203065301.1,1,68.0,79.17
NA,WP_035031478.1,1,65.0,85.02
NA,WP_160176261.1,1,64.0,84.14
puuE,WP_203065302.1,1,65.0,84.13
NA,WP_035089895.1,1,68.0,84.94
NA,WP_203065303.1,1,66.0,87.11
NA,WP_203065304.1,1,66.0,85.05
NA,WP_035031459.1,1,63.0,83.87
NA,WP_203065305.1,1,67.0,87.03
NA,WP_203065306.1,1,65.0,83.44
NA,WP_203065307.1,1,62.0,87.41
NA,WP_052015140.1,1,64.0,90.0
NA,WP_035089907.1,1,65.0,86.27
NA,WP_203065308.1,1,66.0,86.36
NA,WP_156046325.1,1,66.0,84.2
NA,WP_203065309.1,1,68.0,87.52
NA,WP_081899540.1,1,67.0,87.96
NA,WP_203065310.1,1,63.0,85.27
NA,WP_203065311.1,1,65.0,87.78
NA,WP_203065312.1,1,69.0,82.73
NA,WP_203065313.1,1,67.0,81.68
NA,WP_203065314.1,1,66.0,76.55
NA,WP_035031585.1,1,65.0,78.07
NA,WP_246513487.1,1,68.0,87.88
NA,WP_203065315.1,1,68.0,85.87
NA,WP_203065316.1,1,57.99999999999999,63.3
NA,WP_203065317.1,1,62.0,64.15
NA,WP_203065318.1,1,53.0,55.13
NA,WP_203065319.1,1,55.00000000000001,53.47
NA,WP_203065320.1,1,53.0,69.17
NA,WP_203065321.1,1,56.99999999999999,56.76
NA,WP_203065322.1,1,54.0,63.48
NA,WP_203065323.1,1,50.0,53.38
NA,WP_203065324.1,1,49.0,53.0
NA,WP_203065325.1,1,54.0,61.43
NA,WP_203065326.1,1,50.0,57.23
NA,WP_203065327.1,1,51.0,57.5
NA,WP_203065328.1,1,49.0,51.47
NA,WP_203065329.1,1,56.99999999999999,59.56
NA,WP_203065330.1,1,57.99999999999999,62.04
NA,WP_203065331.1,1,56.99999999999999,62.87
NA,WP_203065332.1,1,53.0,60.53
NA,WP_203065333.1,1,63.0,81.55
NA,WP_203065334.1,1,61.0,72.9
NA,WP_203065335.1,1,60.0,66.95
NA,WP_203065336.1,1,60.0,76.19
NA,WP_203065337.1,1,62.0,73.78
NA,WP_246513489.1,1,56.99999999999999,81.52
NA,WP_203065338.1,1,64.0,84.97
NA,WP_182398177.1,1,67.0,85.64
metZ,WP_203065339.1,1,63.0,84.95
NA,WP_052015136.1,1,64.0,81.91
NA,WP_246513492.1,1,66.0,87.95
pbpC,WP_246513494.1,1,68.0,82.07
NA,WP_203065340.1,1,66.0,82.57
NA,WP_203065341.1,1,67.0,77.27
NA,WP_203065342.1,1,63.0,72.07
NA,WP_203065343.1,1,64.0,75.07
NA,WP_203065344.1,1,66.0,80.84
NA,WP_203065345.1,1,64.0,71.35
NA,WP_203065346.1,1,65.0,76.59
NA,WP_203065347.1,1,68.0,78.05
NA,WP_203065348.1,1,65.0,80.51
NA,WP_203065349.1,1,66.0,75.96
NA,WP_203065350.1,1,64.0,74.54
rfbD,WP_203065351.1,1,66.0,74.74
NA,WP_203065352.1,1,62.0,77.42
NA,WP_203065353.1,1,67.0,78.87
NA,WP_246513496.1,1,63.0,83.42
NA,WP_035091551.1,1,64.0,86.83
NA,WP_246513498.1,1,64.0,86.65
NA,WP_203065354.1,1,66.0,83.3
NA,WP_203065355.1,1,66.0,80.54
NA,WP_203065356.1,1,67.0,80.81
NA,WP_203065357.1,1,65.0,74.34
NA,WP_203065358.1,1,68.0,72.0
NA,WP_203065359.1,1,68.0,78.94
NA,WP_035031342.1,1,64.0,83.21
trxC,WP_182398199.1,1,64.0,79.26
NA,WP_203065360.1,1,68.0,83.36
NA,WP_203065361.1,1,66.0,82.88
NA,WP_203065362.1,1,65.0,85.38
NA,WP_203065363.1,1,66.0,86.78
NA,WP_203065364.1,1,69.0,90.0
NA,WP_203065365.1,1,69.0,90.65
NA,WP_211200058.1,1,64.0,86.33
NA,WP_246513634.1,1,61.0,87.55
NA,WP_203065366.1,1,65.0,83.33
NA,WP_203065367.1,1,68.0,82.96
NA,WP_203065368.1,1,65.0,84.27
NA,WP_203065369.1,1,65.0,82.9
NA,WP_035030939.1,1,62.0,82.69
NA,WP_035030936.1,1,63.0,87.08
NA,WP_203065370.1,1,65.0,84.8
NA,WP_203065371.1,1,67.0,77.53
NA,WP_203065372.1,1,67.0,85.09
NA,WP_035030924.1,1,65.0,81.54
NA,WP_246513500.1,1,65.0,86.36
NA,WP_203065373.1,1,68.0,83.05
NA,WP_035030989.1,1,64.0,84.33
NA,WP_203065374.1,1,68.0,83.03
NA,WP_203065375.1,1,66.0,83.44
NA,WP_203065376.1,1,69.0,83.66
NA,WP_203065377.1,1,66.0,87.24
NA,WP_203065378.1,1,67.0,80.2
NA,WP_203065379.1,1,69.0,81.44
pdxH,WP_203065380.1,1,65.0,80.1
NA,WP_203065381.1,1,66.0,86.47
NA,WP_203065173.1,1,69.0,84.86
NA,WP_246513502.1,1,68.0,81.73
NA,WP_203065382.1,1,67.0,83.28
NA,WP_035091623.1,1,64.0,82.43
NA,WP_203065383.1,1,65.0,80.93
aroC,WP_203065384.1,1,67.0,84.96
NA,WP_035028056.1,1,65.0,79.19
fabI,WP_035091636.1,1,64.0,86.49
NA,WP_203065385.1,1,68.0,85.68
NA,WP_035091638.1,1,66.0,80.92
NA,WP_052014902.1,1,65.0,82.65
NA,WP_035028130.1,1,65.0,78.31
NA,WP_203065386.1,1,66.0,85.52
NA,WP_203065387.1,1,67.0,79.62
NA,WP_035028071.1,1,64.0,76.68
NA,WP_035028074.1,1,64.0,81.06
NA,WP_203065388.1,1,65.0,84.04
NA,WP_203065389.1,1,68.0,83.91
ispH,WP_035091644.1,1,65.0,82.17
rnhA,WP_035028079.1,1,64.0,87.16
glyS,WP_203065390.1,1,67.0,86.34
NA,WP_203065391.1,1,64.0,85.19
NA,WP_035028088.1,1,64.0,84.09
NA,WP_035028091.1,1,57.99999999999999,68.42
NA,WP_152571901.1,1,63.0,85.62
NA,WP_035028094.1,1,64.0,76.81
NA,WP_035028097.1,1,64.0,81.25
NA,WP_203065392.1,1,68.0,82.94
NA,WP_203065393.1,1,67.0,84.8
moaB,WP_035028100.1,1,64.0,86.44
NA,WP_246513505.1,1,63.0,81.16
NA,WP_035028105.1,1,65.0,87.44
NA,WP_203065394.1,1,68.0,83.7
NA,WP_203065395.1,1,65.0,84.32
NA,WP_152571902.1,1,65.0,86.69
NA,WP_246513507.1,1,68.0,83.39
NA,WP_052014909.1,1,66.0,82.5
argF,WP_035028119.1,1,63.0,81.61
NA,WP_203065397.1,1,65.0,84.87
NA,WP_035091809.1,1,65.0,75.72
ppk2,WP_246513509.1,1,63.0,86.23
NA,WP_203065398.1,1,67.0,85.99
NA,WP_035032062.1,1,63.0,84.34
pstC,WP_203065399.1,1,66.0,88.03
pstA,WP_035032068.1,1,66.0,88.14
pstB,WP_035032071.1,1,62.0,87.26
phoU,WP_035032074.1,1,64.0,88.99
phoB,WP_035032077.1,1,66.0,82.67
NA,WP_203065400.1,1,67.0,84.01
NA,WP_203065401.1,1,66.0,77.1
NA,WP_203065402.1,1,65.0,89.9
NA,WP_203065403.1,1,63.0,87.19
NA,WP_203065404.1,1,66.0,86.03
NA,WP_203065405.1,1,66.0,85.37
NA,WP_203065406.1,1,67.0,84.98
NA,WP_203065407.1,1,65.0,84.62
NA,WP_203066313.1,1,70.0,83.63
NA,WP_203065408.1,1,65.0,85.71
NA,WP_203065410.1,1,60.0,87.36
NA,WP_035091700.1,1,60.0,91.99
NA,WP_203065411.1,1,62.0,87.2
NA,WP_035032117.1,1,63.0,83.62
pncB,WP_035032119.1,1,63.0,85.65
NA,WP_203065412.1,1,65.0,83.65
NA,WP_156046339.1,1,57.99999999999999,80.81
NA,WP_052015190.1,1,67.0,85.14
NA,WP_203065413.1,1,66.0,83.28
NA,WP_246513510.1,1,64.0,82.18
NA,WP_203065414.1,1,67.0,81.29
NA,WP_203065415.1,1,64.0,81.0
NA,WP_203065416.1,1,67.0,79.37
NA,WP_246513512.1,1,70.0,85.66
NA,WP_203065417.1,1,65.0,88.19
NA,WP_203065418.1,1,66.0,82.35
NA,WP_203065419.1,1,66.0,84.47
NA,WP_203065420.1,1,68.0,89.44
NA,WP_203065421.1,1,65.0,86.93
NA,WP_246513636.1,1,63.0,86.57
NA,WP_203066315.1,1,64.0,84.41
NA,WP_182398270.1,1,66.0,85.64
NA,WP_203065423.1,1,67.0,81.28
NA,WP_052152271.1,1,65.0,84.39
NA,WP_203065424.1,1,66.0,83.02
NA,WP_203065425.1,1,66.0,84.74
NA,WP_203065426.1,1,65.0,86.63
NA,WP_203065427.1,1,64.0,83.71
NA,WP_203065428.1,1,66.0,85.57
NA,WP_035091743.1,1,66.0,86.43
NA,WP_035032269.1,1,61.0,87.99
NA,WP_246513638.1,1,62.0,92.71
NA,WP_203065429.1,1,64.0,85.23
NA,WP_203065430.1,1,64.0,86.2
NA,WP_203065432.1,1,69.0,84.13
NA,WP_203065433.1,1,69.0,85.71
NA,WP_203065434.1,1,66.0,86.51
NA,WP_203065435.1,1,66.0,88.38
NA,WP_156046343.1,1,65.0,85.02
NA,WP_052015205.1,1,62.0,76.19
NA,WP_035032283.1,1,63.0,79.32
NA,WP_052015206.1,1,65.0,82.63
NA,WP_203065436.1,1,61.0,69.64
NA,WP_182400421.1,1,63.0,85.09
NA,WP_246513514.1,1,64.0,80.16
NA,WP_203065437.1,1,65.0,84.3
NA,WP_203065438.1,1,66.0,81.44
NA,WP_203065439.1,1,65.0,79.52
NA,WP_182398286.1,1,64.0,83.91
NA,WP_203065440.1,1,64.0,80.44
NA,WP_035032303.1,1,66.0,82.54
NA,WP_203065441.1,1,65.0,75.71
NA,WP_203065442.1,1,62.0,76.79
NA,WP_203065443.1,1,67.0,78.95
recQ,WP_203066317.1,1,65.0,81.41
NA,WP_203065444.1,1,64.0,78.21
NA,WP_203065445.1,1,63.0,81.08
NA,WP_203065446.1,1,65.0,79.19
NA,WP_203065447.1,1,60.0,81.67
NA,WP_203065448.1,1,61.0,83.67
NA,WP_052015212.1,1,61.0,83.69
NA,WP_203065449.1,1,65.0,80.92
NA,WP_203066318.1,1,65.0,81.48
NA,WP_203065450.1,1,62.0,83.98
NA,WP_203065451.1,1,61.0,77.73
NA,WP_035032329.1,1,62.0,74.6
NA,WP_203065452.1,1,62.0,71.05
NA,WP_203065453.1,1,62.0,74.31
NA,WP_203065454.1,1,63.0,79.09
NA,WP_203065455.1,1,61.0,75.51
NA,WP_035032338.1,1,64.0,71.72
argH,WP_203065457.1,1,64.0,80.32
NA,WP_052015224.1,1,60.0,87.23
NA,WP_052015214.1,1,61.0,85.38
NA,WP_035032346.1,1,63.0,83.21
NA,WP_246513516.1,1,64.0,71.93
NA,WP_203065458.1,1,64.0,71.78
NA,WP_203065459.1,1,62.0,76.95
solA,WP_203065460.1,1,62.0,71.05
NA,WP_203065461.1,1,65.0,78.33
NA,WP_203065462.1,1,63.0,78.8
NA,WP_035032361.1,1,65.0,82.14
NA,WP_182398312.1,1,64.0,85.99
NA,WP_246513518.1,1,62.0,87.42
NA,WP_203065464.1,1,62.0,87.28
NA,WP_203065465.1,1,66.0,81.43
NA,WP_203065467.1,1,64.0,75.77
recR,WP_035094327.1,1,65.0,77.89
NA,WP_035094326.1,1,59.0,74.49
NA,WP_203065468.1,1,63.0,77.33
NA,WP_203065469.1,1,63.0,66.79
NA,WP_203065470.1,1,62.0,76.79
NA,WP_203065471.1,1,63.0,81.46
NA,WP_203065472.1,1,66.0,79.1
yihA,WP_035032396.1,1,65.0,82.04
yidC,WP_203065473.1,1,62.0,84.3
rnpA,WP_152571997.1,1,61.0,65.6
rpmH,WP_035032402.1,1,67.0,85.71
NA,WP_203065474.1,1,64.0,72.65
NA,WP_203065475.1,1,63.0,76.23
NA,WP_203065476.1,1,61.0,65.57
NA,WP_203065477.1,1,62.0,67.94
NA,WP_203065478.1,1,62.0,77.59
NA,WP_203065479.1,1,59.0,67.01
NA,WP_203065480.1,1,61.0,63.51
NA,WP_203065481.1,1,60.0,71.71
NA,WP_203065482.1,1,63.0,70.34
NA,WP_203065483.1,1,65.0,80.65
NA,WP_203065484.1,1,61.0,68.37
NA,WP_203065485.1,1,63.0,72.73
NA,WP_035035054.1,1,62.0,80.36
NA,WP_203065486.1,1,63.0,82.21
NA,WP_203065487.1,1,62.0,77.35
NA,WP_246513520.1,1,63.0,78.56
NA,WP_035035060.1,1,60.0,77.37
NA,WP_203065488.1,1,65.0,76.55
NA,WP_203065489.1,1,63.0,73.51
NA,WP_035035066.1,1,62.0,81.77
NA,WP_035035068.1,1,62.0,79.31
NA,WP_246513522.1,1,63.0,79.09
NA,WP_203065490.1,1,64.0,81.57
NA,WP_246513524.1,1,64.0,75.52
NA,WP_203066322.1,1,62.0,73.07
NA,WP_203065491.1,1,62.0,71.98
NA,WP_203065492.1,1,63.0,79.7
NA,WP_203066323.1,1,59.0,82.54
NA,WP_203065493.1,1,64.0,77.01
NA,WP_203065494.1,1,63.0,76.05
NA,WP_203065495.1,1,64.0,80.53
NA,WP_203065496.1,1,67.0,82.98
NA,WP_203065497.1,1,66.0,83.3
NA,WP_203065498.1,1,65.0,81.52
NA,WP_203065499.1,1,65.0,75.33
NA,WP_203065500.1,1,65.0,75.54
NA,WP_203065501.1,1,64.0,84.59
NA,WP_203065502.1,1,62.0,89.3
NA,WP_035035088.1,1,63.0,83.7
NA,WP_203065503.1,1,64.0,85.78
NA,WP_203065504.1,1,65.0,80.8
NA,WP_203065506.1,1,66.0,81.78
NA,WP_203065507.1,1,67.0,82.78
NA,WP_203065508.1,1,67.0,80.63
NA,WP_246513525.1,1,66.0,82.73
NA,WP_203065509.1,1,67.0,77.67
NA,WP_203065510.1,1,66.0,85.0
NA,WP_052152525.1,1,63.0,80.2
NA,WP_203065511.1,1,66.0,76.11
NA,WP_203065512.1,1,64.0,85.78
NA,WP_203065513.1,1,67.0,85.43
NA,WP_203065514.1,1,69.0,89.27
NA,WP_203065515.1,1,67.0,76.21
NA,WP_203065516.1,1,68.0,83.16
NA,WP_203065517.1,1,68.0,80.17
NA,WP_203065518.1,1,69.0,83.7
NA,WP_203065519.1,1,68.0,86.11
NA,WP_203065520.1,1,68.0,84.94
NA,WP_035037418.1,1,67.0,92.18
NA,WP_203065521.1,1,66.0,84.59
NA,WP_203065522.1,1,68.0,83.33
aceA,WP_203065523.1,1,65.0,82.54
NA,WP_035031647.1,1,70.0,85.48
NA,WP_246513526.1,1,67.0,86.52
NA,WP_203065524.1,1,66.0,80.52
NA,WP_203065525.1,1,63.0,76.02
NA,WP_203065526.1,1,66.0,73.35
NA,WP_035031782.1,1,64.0,82.72
NA,WP_182398375.1,1,68.0,77.46
NA,WP_203065527.1,1,68.0,82.61
NA,WP_203065528.1,1,67.0,84.08
NA,WP_035031657.1,1,66.0,86.59
NA,WP_052152517.1,1,67.0,83.1
NA,WP_203065529.1,1,68.0,89.23
NA,WP_203065530.1,1,67.0,86.86
NA,WP_203065531.1,1,65.0,82.78
NA,WP_203065532.1,1,66.0,88.11
NA,WP_203065533.1,1,64.0,88.12
NA,WP_203065534.1,1,68.0,88.56
NA,WP_203065535.1,1,64.0,85.09
NA,WP_203065536.1,1,63.0,88.5
NA,WP_203065537.1,1,68.0,85.2
NA,WP_035090536.1,1,64.0,87.5
NA,WP_203065538.1,1,64.0,87.18
NA,WP_203065539.1,1,66.0,85.47
NA,WP_203065540.1,1,63.0,87.53
NA,WP_203065541.1,1,66.0,84.02
NA,WP_203065542.1,1,68.0,86.16
NA,WP_203065543.1,1,67.0,90.86
NA,WP_156046332.1,1,68.0,84.51
NA,WP_203065544.1,1,63.0,85.44
NA,WP_203065545.1,1,66.0,87.07
NA,WP_052015165.1,1,66.0,87.54
NA,WP_203066326.1,1,64.0,86.16
NA,WP_203065546.1,1,66.0,85.09
NA,WP_203065547.1,1,62.0,88.08
NA,WP_203065548.1,1,66.0,84.21
NA,WP_203065549.1,1,67.0,87.68
NA,WP_203066327.1,1,65.0,84.67
NA,WP_203066328.1,1,64.0,86.46
NA,WP_203065550.1,1,64.0,90.62
NA,WP_203065551.1,1,64.0,86.02
NA,WP_203065552.1,1,66.0,87.33
NA,WP_203065553.1,1,62.0,80.8
NA,WP_052015166.1,1,63.0,85.38
NA,WP_203065554.1,1,66.0,82.59
NA,WP_203065555.1,1,65.0,88.58
NA,WP_203065556.1,1,68.0,79.81
NA,WP_203065557.1,1,63.0,87.24
NA,WP_035031732.1,1,64.0,90.57
NA,WP_035031734.1,1,62.0,88.58
NA,WP_203065558.1,1,66.0,83.72
NA,WP_246513528.1,1,65.0,83.56
NA,WP_203065559.1,1,65.0,82.48
NA,WP_203065560.1,1,65.0,86.27
NA,WP_203065561.1,1,66.0,79.09
NA,WP_203065562.1,1,67.0,82.37
NA,WP_203066330.1,1,67.0,81.57
trxA,WP_035031824.1,1,62.0,80.61
NA,WP_203065563.1,1,66.0,84.15
addA,WP_203065564.1,1,66.0,79.7
addB,WP_203065565.1,1,69.0,80.88
NA,WP_203065566.1,1,65.0,79.73
tsaE,WP_052015169.1,1,66.0,71.53
NA,WP_182398413.1,1,66.0,82.1
NA,WP_035090606.1,1,62.0,78.4
NA,WP_035090609.1,1,64.0,78.58
NA,WP_035090683.1,1,67.0,82.49
NA,WP_203065567.1,1,62.0,86.14
NA,WP_052015248.1,1,63.0,85.13
NA,WP_035032931.1,1,66.0,86.33
NA,WP_035032933.1,1,61.0,84.66
NA,WP_035032936.1,1,61.0,85.06
NA,WP_203065568.1,1,67.0,82.64
NA,WP_035032942.1,1,67.0,78.33
NA,WP_035032945.1,1,65.0,79.49
NA,WP_203065569.1,1,67.0,81.61
NA,WP_203065570.1,1,68.0,80.68
NA,WP_203065571.1,1,63.0,74.55
NA,WP_182400435.1,1,66.0,90.35
NA,WP_203065572.1,1,68.0,82.95
NA,WP_203065573.1,1,63.0,89.11
NA,WP_246513530.1,1,63.0,82.05
NA,WP_203065574.1,1,67.0,82.2
NA,WP_203065575.1,1,67.0,78.24
NA,WP_203065576.1,1,64.0,84.87
NA,WP_203065577.1,1,61.0,70.11
NA,WP_203065578.1,1,67.0,84.72
lepA,WP_035032977.1,1,63.0,86.32
NA,WP_182398429.1,1,63.0,79.43
NA,WP_203065579.1,1,66.0,78.06
NA,WP_035032987.1,1,67.0,87.62
NA,WP_203065580.1,1,65.0,80.14
NA,WP_035032992.1,1,61.0,78.41
NA,WP_246513645.1,1,61.0,84.51
NA,WP_035032999.1,1,63.0,85.55
NA,WP_203065581.1,1,62.0,85.93
NA,WP_203065582.1,1,65.0,85.64
NA,WP_035033005.1,1,62.0,84.67
NA,WP_035033007.1,1,60.0,82.18
NA,WP_203065583.1,1,66.0,82.51
NA,WP_203065584.1,1,63.0,72.13
msrA,WP_203065585.1,1,65.0,83.02
NA,WP_182398437.1,1,61.0,76.53
NA,WP_203065586.1,1,61.0,75.09
NA,WP_203065587.1,1,55.00000000000001,57.14
NA,WP_203065588.1,1,56.00000000000001,64.62
NA,WP_203065589.1,1,62.0,75.96
NA,WP_203065590.1,1,62.0,71.69
NA,WP_203065591.1,1,67.0,72.0
NA,WP_203065592.1,1,60.0,82.14
NA,WP_203065593.1,1,69.0,80.65
NA,WP_203065594.1,1,62.0,76.6
NA,WP_203065595.1,1,63.0,70.0
NA,WP_203065596.1,1,63.0,81.3
NA,WP_203065597.1,1,66.0,80.95
NA,WP_035091302.1,1,57.99999999999999,84.01
NA,WP_203065598.1,1,64.0,82.89
NA,WP_203065599.1,1,63.0,83.89
NA,WP_203065600.1,1,65.0,84.56
NA,WP_203065602.1,1,66.0,80.42
NA,WP_203065603.1,1,64.0,80.21
NA,WP_203065604.1,1,63.0,73.17
NA,WP_203065605.1,1,61.0,73.45
NA,WP_182398446.1,1,63.0,74.67
NA,WP_203065606.1,1,64.0,79.2
NA,WP_203065607.1,1,64.0,77.2
NA,WP_035033649.1,1,63.0,77.89
NA,WP_035033650.1,1,61.0,83.44
NA,WP_246513532.1,1,62.0,79.67
NA,WP_203065609.1,1,63.0,72.43
NA,WP_052152230.1,1,59.0,71.81
NA,WP_203065610.1,1,61.0,73.87
NA,WP_052015310.1,1,60.0,73.91
NA,WP_203065611.1,1,59.0,65.93
NA,WP_203065613.1,1,60.0,73.15
NA,WP_203065614.1,1,54.0,67.42
glsA,WP_203065615.1,1,64.0,79.2
NA,WP_246513533.1,1,65.0,80.16
NA,WP_246513534.1,1,60.0,72.66
NA,WP_203065616.1,1,63.0,80.33
NA,WP_035091332.1,1,68.0,77.58
NA,WP_203065617.1,1,65.0,75.08
NA,WP_203065618.1,1,65.0,75.1
NA,WP_246513536.1,1,63.0,77.41
NA,WP_052015315.1,1,62.0,79.4
NA,WP_203065619.1,1,63.0,84.19
NA,WP_203065620.1,1,63.0,75.29
NA,WP_203065621.1,1,60.0,80.18
NA,WP_203065622.1,1,62.0,74.18
NA,WP_203065623.1,1,65.0,73.85
NA,WP_035036417.1,1,64.0,78.02
NA,WP_203065624.1,1,68.0,87.75
NA,WP_203065625.1,1,69.0,84.33
NA,WP_203065626.1,1,68.0,87.93
NA,WP_203065627.1,1,65.0,87.18
NA,WP_203065628.1,1,65.0,87.15
NA,WP_035036430.1,1,65.0,70.89
NA,WP_035091346.1,1,70.0,80.92
NA,WP_203065629.1,1,67.0,86.01
NA,WP_203065630.1,1,66.0,76.79
NA,WP_203065631.1,1,61.0,77.91
NA,WP_203065632.1,1,59.0,76.67
NA,WP_203065633.1,1,61.0,79.93
NA,WP_203065634.1,1,67.0,81.93
NA,WP_203065635.1,1,64.0,79.38
NA,WP_246513538.1,1,63.0,77.11
NA,WP_203065637.1,1,59.0,86.52
NA,WP_182398478.1,1,61.0,83.79
NA,WP_203065638.1,1,66.0,82.15
NA,WP_203065639.1,1,61.0,83.91
NA,WP_035036467.1,1,65.0,85.45
NA,WP_203065640.1,1,68.0,81.16
NA,WP_203065641.1,1,65.0,83.53
NA,WP_246513540.1,1,64.0,65.96
NA,WP_203065642.1,1,69.0,83.79
efeO,WP_035036476.1,1,63.0,87.4
efeB,WP_203065643.1,1,66.0,83.29
NA,WP_203065645.1,1,65.0,86.03
NA,WP_035036486.1,1,63.0,85.0
NA,WP_203065646.1,1,67.0,85.34
NA,WP_035036491.1,1,65.0,83.82
NA,WP_203065647.1,1,62.0,84.81
NA,WP_052015746.1,1,62.0,75.81
NA,WP_203065648.1,1,61.0,81.01
NA,WP_035036498.1,1,61.0,90.7
NA,WP_203065649.1,1,59.0,85.71
NA,WP_035036502.1,1,66.0,84.66
NA,WP_197030270.1,1,65.0,89.68
NA,WP_202050246.1,1,67.0,85.6
NA,WP_203065650.1,1,65.0,79.78
NA,WP_081840731.1,1,64.0,85.12
NA,WP_203065651.1,1,66.0,81.88
NA,WP_203065652.1,1,64.0,76.26
NA,WP_035036513.1,1,67.0,85.44
NA,WP_052152645.1,1,64.0,91.46
NA,WP_035036515.1,1,66.0,85.25
NA,WP_052015756.1,1,67.0,90.3
NA,WP_203065653.1,1,66.0,88.6
NA,WP_203065654.1,1,67.0,88.05
NA,WP_203065655.1,1,68.0,87.86
NA,WP_035095032.1,1,66.0,87.3
NA,WP_035095028.1,1,67.0,85.71
NA,WP_035036752.1,1,66.0,86.63
NA,WP_035036524.1,1,65.0,87.57
NA,WP_035036526.1,1,67.0,83.54
NA,WP_203065657.1,1,66.0,89.29
NA,WP_203065658.1,1,67.0,82.31
NA,WP_203065659.1,1,67.0,81.82
NA,WP_203065660.1,1,68.0,84.11
NA,WP_203065661.1,1,67.0,81.84
NA,WP_203065662.1,1,66.0,82.76
rfbB,WP_203065663.1,1,63.0,82.7
rfbA,WP_203065664.1,1,64.0,86.41
rfbC,WP_203065665.1,1,66.0,82.29
NA,WP_203065666.1,1,68.0,87.24
NA,WP_203065667.1,1,68.0,88.1
NA,WP_246513542.1,1,67.0,85.22
NA,WP_035036544.1,1,64.0,84.05
NA,WP_203065668.1,1,66.0,83.68
NA,WP_246513544.1,1,65.0,86.14
NA,WP_203065670.1,1,66.0,87.33
NA,WP_246513649.1,1,65.0,86.59
NA,WP_246513546.1,1,64.0,82.94
NA,WP_203065672.1,1,62.0,86.76
NA,WP_203065673.1,1,66.0,85.63
NA,WP_203065674.1,1,65.0,83.75
NA,WP_035095558.1,1,63.0,79.23
NA,WP_156046457.1,1,65.0,87.77
NA,WP_182398546.1,1,60.0,79.17
NA,WP_203065675.1,1,63.0,78.91
NA,WP_203066335.1,1,68.0,81.11
NA,WP_035036569.1,1,66.0,82.88
NA,WP_203065676.1,1,65.0,82.03
cobO,WP_246513548.1,1,62.0,89.22
NA,WP_203065677.1,1,65.0,81.67
cobN,WP_246513550.1,1,67.0,83.59
cobW,WP_203065678.1,1,66.0,83.33
NA,WP_203065679.1,1,69.0,79.5
NA,WP_203065680.1,1,65.0,84.0
NA,WP_203065681.1,1,64.0,83.65
NA,WP_203065682.1,1,67.0,84.21
NA,WP_203065683.1,1,60.0,83.49
zigA,WP_203065684.1,1,64.0,79.84
aztD,WP_203065685.1,1,65.0,78.93
NA,WP_203065686.1,1,67.0,79.55
aztA,WP_203065687.1,1,67.0,83.47
aztB,WP_203065688.1,1,66.0,84.7
NA,WP_203065689.1,1,64.0,80.99
NA,WP_035036603.1,1,68.0,81.68
rirA,WP_035036604.1,1,64.0,86.21
NA,WP_035036606.1,1,64.0,86.46
NA,WP_203065690.1,1,66.0,80.37
NA,WP_246513651.1,1,64.0,84.54
NA,WP_203065691.1,1,65.0,86.21
NA,WP_203065692.1,1,66.0,86.74
NA,WP_203065693.1,1,67.0,82.56
NA,WP_203065694.1,1,67.0,84.15
NA,WP_203065695.1,1,68.0,87.97
NA,WP_203065696.1,1,67.0,85.76
NA,WP_203065697.1,1,67.0,82.73
NA,WP_035036630.1,1,64.0,85.71
NA,WP_035036633.1,1,68.0,83.96
NA,WP_203065698.1,1,70.0,83.65
phnN,WP_203065699.1,1,66.0,82.67
NA,WP_203065700.1,1,68.0,85.95
NA,WP_203065701.1,1,65.0,86.67
NA,WP_035036641.1,1,66.0,87.28
NA,WP_246513552.1,1,64.0,81.86
NA,WP_035036645.1,1,66.0,81.63
NA,WP_203065702.1,1,67.0,84.44
NA,WP_203065703.1,1,68.0,88.39
NA,WP_203065704.1,1,67.0,87.26
NA,WP_203065705.1,1,67.0,80.59
NA,WP_203065706.1,1,66.0,83.96
NA,WP_203065707.1,1,68.0,85.44
NA,WP_203065708.1,1,67.0,87.11
NA,WP_203065709.1,1,69.0,81.79
NA,WP_156046460.1,1,71.0,81.08
NA,WP_203065710.1,1,67.0,80.26
NA,WP_203065711.1,1,67.0,85.82
NA,WP_203065712.1,1,68.0,86.05
NA,WP_035036664.1,1,65.0,90.28
putA,WP_203065713.1,1,67.0,87.04
NA,WP_182398611.1,1,66.0,93.66
NA,WP_203065714.1,1,67.0,90.71
NA,WP_203065715.1,1,71.0,76.52
NA,WP_035036674.1,1,64.0,87.31
NA,WP_203065716.1,1,67.0,82.82
NA,WP_203065718.1,1,66.0,83.41
NA,WP_203065719.1,1,67.0,81.4
argB,WP_035036686.1,1,64.0,87.85
NA,WP_202050247.1,1,66.0,78.67
NA,WP_203065720.1,1,66.0,79.0
NA,WP_203066464.1,1,67.0,81.4
NA,WP_203065721.1,1,66.0,88.39
NA,WP_203065722.1,1,62.0,84.69
NA,WP_035094108.1,1,67.0,82.63
NA,WP_203065723.1,1,70.0,86.84
NA,WP_035036692.1,1,63.0,83.56
NA,WP_052015817.1,1,65.0,85.61
NA,WP_182398631.1,1,65.0,87.74
NA,WP_203065724.1,1,62.0,85.91
dapD,WP_203065725.1,1,66.0,88.97
NA,WP_203065726.1,1,64.0,89.66
dapE,WP_203065727.1,1,68.0,86.16
NA,WP_035036704.1,1,65.0,90.0
truA,WP_203065728.1,1,68.0,83.9
fmt,WP_203065729.1,1,68.0,84.9
def,WP_035036712.1,1,63.0,90.18
rmuC,WP_052015823.1,1,65.0,89.54
NA,WP_203065730.1,1,69.0,87.66
NA,WP_035036994.1,1,65.0,86.51
NA,WP_203065731.1,1,68.0,87.85
NA,WP_182398648.1,1,69.0,86.0
NA,WP_203065732.1,1,67.0,81.32
NA,WP_197030278.1,1,66.0,85.94
polA,WP_203065733.1,1,65.0,86.06
NA,WP_203065734.1,1,56.00000000000001,67.11
NA,WP_203065735.1,1,56.99999999999999,60.75
NA,WP_203066338.1,1,65.0,83.95
NA,WP_035037015.1,1,64.0,80.6
NA,WP_203065736.1,1,65.0,80.98
NA,WP_203065737.1,1,63.0,89.16
NA,WP_203065738.1,1,63.0,88.05
NA,WP_203065739.1,1,64.0,88.21
rhaS,WP_203065740.1,1,62.0,85.36
NA,WP_203065741.1,1,63.0,85.0
NA,WP_203065742.1,1,63.0,84.93
rhaI,WP_246513554.1,1,64.0,85.75
ahcY,WP_203065744.1,1,64.0,90.39
NA,WP_203065745.1,1,56.00000000000001,52.63
NA,WP_203065746.1,1,68.0,86.88
NA,WP_203065747.1,1,66.0,78.88
NA,WP_035037043.1,1,66.0,88.17
NA,WP_035037045.1,1,61.0,77.42
NA,WP_203065748.1,1,68.0,78.17
NA,WP_052015864.1,1,67.0,87.63
NA,WP_035037050.1,1,62.0,83.77
NA,WP_182398675.1,1,67.0,87.31
NA,WP_182398676.1,1,65.0,83.58
NA,WP_203065749.1,1,64.0,88.08
NA,WP_203065750.1,1,64.0,82.94
NA,WP_203065751.1,1,69.0,86.55
NA,WP_203065752.1,1,68.0,85.0
NA,WP_203065753.1,1,65.0,83.94
NA,WP_035037060.1,1,59.0,69.77
NA,WP_035037063.1,1,64.0,80.95
NA,WP_035037065.1,1,65.0,78.62
NA,WP_081840752.1,1,61.0,71.67
rpoN,WP_203065754.1,1,66.0,86.59
lptB,WP_035037070.1,1,66.0,86.12
lptA,WP_203065755.1,1,62.0,85.92
NA,WP_203065756.1,1,65.0,80.09
NA,WP_035037081.1,1,64.0,83.08
NA,WP_156046472.1,1,69.0,85.59
NA,WP_035037119.1,1,68.0,88.79
NA,WP_156046473.1,1,63.0,88.89
NA,WP_203065757.1,1,64.0,84.21
NA,WP_203065758.1,1,70.0,88.78
NA,WP_035037088.1,1,61.0,86.97
NA,WP_035037091.1,1,66.0,87.96
queG,WP_246513557.1,1,69.0,86.61
NA,WP_203065760.1,1,68.0,82.61
NA,WP_203065761.1,1,67.0,86.06
NA,WP_035029363.1,1,69.0,85.54
infC,WP_081840399.1,1,61.0,78.11
NA,WP_246513559.1,1,66.0,84.84
NA,WP_035029370.1,1,64.0,82.11
NA,WP_203065762.1,1,69.0,89.77
rlmN,WP_203065763.1,1,69.0,88.38
NA,WP_035029377.1,1,66.0,85.93
rpmI,WP_035029380.1,1,59.0,82.46
rplT,WP_035029382.1,1,65.0,84.68
pheS,WP_203065764.1,1,65.0,86.68
NA,WP_203065765.1,1,67.0,82.68
NA,WP_203065766.1,1,65.0,83.58
pheT,WP_203065767.1,1,66.0,85.21
NA,WP_203065768.1,1,67.0,84.5
NA,WP_203065769.1,1,61.0,82.8
NA,WP_203065770.1,1,64.0,78.5
NA,WP_203065771.1,1,64.0,86.14
NA,WP_203065772.1,1,65.0,84.24
NA,WP_052014997.1,1,65.0,83.66
NA,WP_203065773.1,1,67.0,83.71
NA,WP_203065774.1,1,67.0,80.95
NA,WP_203065775.1,1,67.0,84.29
NA,WP_203065776.1,1,68.0,85.48
NA,WP_035095971.1,1,63.0,86.15
NA,WP_203065777.1,1,67.0,86.57
cobJ,WP_203066340.1,1,71.0,87.5
NA,WP_203065778.1,1,68.0,85.47
NA,WP_203065779.1,1,71.0,83.72
cobG,WP_203065780.1,1,71.0,83.79
NA,WP_035029441.1,1,57.99999999999999,67.74
cmk,WP_203066341.1,1,67.0,82.27
rpsA,WP_035092586.1,1,62.0,82.44
NA,WP_246513561.1,1,63.0,76.51
NA,WP_246513653.1,1,56.99999999999999,72.41
NA,WP_246513563.1,1,60.0,71.43
sppA,WP_052152341.1,1,66.0,83.44
NA,WP_035029450.1,1,67.0,89.29
NA,WP_052014999.1,1,63.0,86.61
NA,WP_035029453.1,1,67.0,79.33
trpB,WP_035029707.1,1,65.0,85.18
trpA,WP_035092595.1,1,66.0,88.3
accD,WP_035029456.1,1,65.0,86.62
NA,WP_246513565.1,1,65.0,86.3
NA,WP_203065783.1,1,68.0,82.56
cbiE,WP_203065784.1,1,70.0,84.4
NA,WP_203065785.1,1,65.0,71.43
cobM,WP_203065786.1,1,67.0,83.2
NA,WP_203065787.1,1,69.0,80.08
NA,WP_203065788.1,1,69.0,82.91
cobA,WP_203065789.1,1,71.0,89.15
NA,WP_246513566.1,1,70.0,81.77
NA,WP_246513567.1,1,68.0,82.81
cbiB,WP_203065791.1,1,68.0,89.46
mgtE,WP_203065792.1,1,68.0,84.88
cobU,WP_052152347.1,1,69.0,89.39
NA,WP_160176301.1,1,66.0,86.88
zwf,WP_035029486.1,1,64.0,87.63
pgl,WP_035029489.1,1,66.0,83.33
edd,WP_203065793.1,1,67.0,88.78
NA,WP_052152349.1,1,65.0,87.68
NA,WP_203065794.1,1,67.0,82.34
dxs,WP_203065795.1,1,67.0,85.69
NA,WP_203065796.1,1,64.0,75.32
NA,WP_203065797.1,1,71.0,81.03
NA,WP_203065798.1,1,71.0,81.23
NA,WP_182398734.1,1,66.0,83.54
NA,WP_035029512.1,1,64.0,84.65
NA,WP_203066345.1,1,65.0,82.43
NA,WP_182398735.1,1,65.0,85.96
NA,WP_182398736.1,1,65.0,91.59
NA,WP_203065799.1,1,64.0,88.84
NA,WP_081840390.1,1,66.0,85.03
NA,WP_035029534.1,1,61.0,83.12
NA,WP_081899682.1,1,66.0,79.79
pyk,WP_035029537.1,1,66.0,85.5
NA,WP_203065800.1,1,69.0,83.43
NA,WP_203065801.1,1,66.0,83.89
NA,WP_203065802.1,1,62.0,77.31
NA,WP_203065803.1,1,67.0,81.99
NA,WP_203065804.1,1,67.0,81.76
NA,WP_203065805.1,1,69.0,87.28
NA,WP_035029555.1,1,64.0,86.47
NA,WP_052015007.1,1,62.0,87.19
NA,WP_035029559.1,1,64.0,78.17
NA,WP_281394999.1,1,65.0,70.59
NA,WP_197030161.1,1,65.0,87.27
NA,WP_203065806.1,1,65.0,87.48
NA,WP_035092653.1,1,64.0,89.1
NA,WP_035029565.1,1,68.0,90.45
NA,WP_035029568.1,1,68.0,83.2
deoC,WP_035029571.1,1,65.0,88.16
NA,WP_203065807.1,1,66.0,87.58
NA,WP_246513569.1,1,63.0,69.72
deoA,WP_203065809.1,1,68.0,82.87
NA,WP_203065810.1,1,66.0,84.09
upp,WP_035029582.1,1,64.0,89.0
NA,WP_035029584.1,1,60.0,84.77
NA,WP_203065811.1,1,63.0,81.36
NA,WP_035029586.1,1,61.0,80.9
NA,WP_035029588.1,1,65.0,90.0
NA,WP_035029590.1,1,65.0,78.0
NA,WP_203066346.1,1,65.0,82.76
cpaB,WP_081840395.1,1,68.0,85.29
NA,WP_052152353.1,1,67.0,88.11
NA,WP_035092676.1,1,67.0,91.63
NA,WP_203065812.1,1,64.0,85.15
NA,WP_203065813.1,1,64.0,89.56
NA,WP_203065814.1,1,64.0,88.01
aqpZ,WP_052015012.1,1,69.0,86.9
NA,WP_203065815.1,1,66.0,89.27
NA,WP_203065816.1,1,66.0,86.45
NA,WP_203065817.1,1,64.0,75.88
NA,WP_203065818.1,1,64.0,69.36
NA,WP_203065819.1,1,62.0,72.09
NA,WP_203065820.1,1,60.0,75.12
NA,WP_203065821.1,1,64.0,75.05
NA,WP_203065822.1,1,63.0,71.13
NA,WP_203065823.1,1,62.0,79.26
NA,WP_024899150.1,1,51.0,64.97
NA,WP_203065824.1,1,64.0,76.64
NA,WP_009450558.1,1,66.0,85.86
NA,WP_203065825.1,1,64.0,75.5
NA,WP_009450556.1,1,67.0,78.35
NA,WP_020818551.1,1,61.0,67.09
NA,WP_203065826.1,1,60.0,59.76
NA,WP_246513571.1,1,60.0,56.44
NA,WP_246513573.1,1,61.0,66.67
NA,WP_010336149.1,1,65.0,72.62
NA,WP_203065828.1,1,60.0,67.2
parA,WP_203065829.1,1,66.0,71.63
NA,WP_203065830.1,1,68.0,77.33
NA,WP_203065831.1,1,66.0,79.75
NA,WP_203065832.1,1,65.0,77.33
NA,WP_203065833.1,1,62.0,66.67
NA,WP_203065834.1,1,66.0,69.16
NA,WP_246513655.1,1,64.0,74.73
NA,WP_203065836.1,1,63.0,75.19
NA,WP_203065837.1,1,57.99999999999999,68.06
trbB,WP_203065838.1,1,65.0,72.9
NA,WP_009450539.1,1,66.0,89.11
NA,WP_009450537.1,1,66.0,73.81
trbE,WP_203065839.1,1,63.0,75.3
trbJ,WP_203065840.1,1,63.0,80.48
trbK-alt,WP_203065841.1,1,71.0,82.56
trbL,WP_203065842.1,1,66.0,77.08
trbF,WP_203065843.1,1,65.0,80.91
NA,WP_203065845.1,1,66.0,75.82
NA,WP_038148826.1,1,64.0,67.19
NA,WP_203065846.1,1,57.99999999999999,65.0
NA,WP_203065847.1,1,60.0,68.79
NA,WP_203065848.1,1,62.0,62.35
NA,WP_203065849.1,1,61.0,63.22
NA,WP_203065850.1,1,60.0,64.6
NA,WP_203065851.1,1,56.99999999999999,61.78
NA,WP_149766715.1,1,56.00000000000001,71.2
brxC,WP_203065852.1,1,59.0,71.62
pglX,WP_203065853.1,1,57.99999999999999,71.68
pglZ,WP_203065854.1,1,61.0,74.7
brxL,WP_203065855.1,1,55.00000000000001,67.11
NA,WP_246513576.1,1,60.0,71.91
NA,WP_246513578.1,1,57.99999999999999,68.79
NA,WP_203065857.1,1,56.99999999999999,70.98
NA,WP_203065858.1,1,56.00000000000001,62.7
NA,WP_203065859.1,1,57.99999999999999,66.02
NA,WP_203065860.1,1,56.99999999999999,62.55
NA,WP_203065861.1,1,56.99999999999999,62.56
NA,WP_203065862.1,1,56.00000000000001,66.83
NA,WP_052015013.1,1,59.0,65.47
NA,WP_160176302.1,1,56.99999999999999,65.02
asnB,WP_203065863.1,1,59.0,64.62
NA,WP_035092953.1,1,57.99999999999999,72.58
NA,WP_203065864.1,1,60.0,70.68
NA,WP_156046278.1,1,57.99999999999999,75.86
NA,WP_203065865.1,1,56.99999999999999,66.81
NA,WP_203065867.1,1,59.0,64.96
NA,WP_203065868.1,1,57.99999999999999,70.36
NA,WP_035029759.1,1,57.99999999999999,68.42
NA,WP_203065869.1,1,55.00000000000001,58.59
NA,WP_203065870.1,1,55.00000000000001,58.45
NA,WP_200879810.1,1,56.00000000000001,65.89
NA,WP_035092842.1,1,53.0,59.5
NA,WP_203065871.1,1,68.0,86.59
NA,WP_052015016.1,1,69.0,83.78
guaD,WP_203065872.1,1,67.0,82.73
NA,WP_203065873.1,1,66.0,84.62
NA,WP_035092850.1,1,66.0,87.22
cfa,WP_203065874.1,1,63.0,87.05
NA,WP_203065875.1,1,66.0,79.0
NA,WP_203065876.1,1,69.0,88.2
NA,WP_203065877.1,1,66.0,82.91
NA,WP_035092856.1,1,69.0,86.52
NA,WP_203065878.1,1,71.0,88.22
NA,WP_152571942.1,1,66.0,86.05
NA,WP_203065879.1,1,70.0,85.71
NA,WP_035092862.1,1,68.0,88.98
NA,WP_035033713.1,1,69.0,90.89
NA,WP_035033714.1,1,66.0,88.81
NA,WP_203065880.1,1,65.0,85.64
NA,WP_035033715.1,1,68.0,87.93
NA,WP_052015326.1,1,67.0,86.32
NA,WP_035033716.1,1,62.0,78.72
NA,WP_203065881.1,1,71.0,87.55
NA,WP_203065882.1,1,66.0,87.06
NA,WP_052015328.1,1,64.0,85.84
NA,WP_052015329.1,1,65.0,87.94
gyrB,WP_035033718.1,1,64.0,85.52
recF,WP_203065884.1,1,68.0,82.32
dnaN,WP_035092874.1,1,64.0,86.23
dnaA,WP_035033721.1,1,67.0,84.02
rpsT,WP_035033722.1,1,64.0,83.33
mutM,WP_035033723.1,1,66.0,84.04
ubiE,WP_035092880.1,1,64.0,85.31
ubiB,WP_203065885.1,1,66.0,86.68
NA,WP_035033726.1,1,62.0,86.08
dut,WP_035033727.1,1,68.0,81.38
NA,WP_203065886.1,1,67.0,81.71
moeB,WP_203065887.1,1,68.0,82.35
fabB,WP_035033730.1,1,64.0,86.18
fabA,WP_035033731.1,1,64.0,83.02
NA,WP_052015363.1,1,63.0,81.03
NA,WP_203065888.1,1,65.0,80.43
NA,WP_035090211.1,1,66.0,85.2
NA,WP_203065889.1,1,68.0,85.49
NA,WP_203065890.1,1,69.0,72.73
NA,WP_203065891.1,1,68.0,81.47
NA,WP_203065892.1,1,62.0,82.39
NA,WP_203065893.1,1,65.0,81.94
NA,WP_203065894.1,1,67.0,87.16
NA,WP_182398799.1,1,65.0,76.42
pnp,WP_182398800.1,1,64.0,87.46
rpsO,WP_035033742.1,1,59.0,78.75
NA,WP_203065895.1,1,68.0,87.28
NA,WP_203065896.1,1,66.0,86.39
truB,WP_203065897.1,1,68.0,82.19
rbfA,WP_081899556.1,1,65.0,82.03
NA,WP_035033745.1,1,69.0,84.21
NA,WP_203065898.1,1,70.0,85.96
NA,WP_182398804.1,1,62.0,80.3
NA,WP_052015364.1,1,66.0,84.97
infB,WP_203065899.1,1,67.0,78.76
NA,WP_035033754.1,1,63.0,68.02
nusA,WP_035033757.1,1,63.0,81.59
rimP,WP_203065900.1,1,61.0,75.86
NA,WP_203065901.1,1,67.0,84.23
NA,WP_182398807.1,1,64.0,86.88
NA,WP_203065902.1,1,66.0,78.71
NA,WP_203065903.1,1,65.0,76.22
NA,WP_203065904.1,1,64.0,80.12
NA,WP_203065905.1,1,68.0,82.46
xylB,WP_203065906.1,1,67.0,81.76
xylA,WP_203065907.1,1,63.0,86.85
NA,WP_203065908.1,1,63.0,84.02
mutS,WP_211200055.1,1,66.0,78.9
NA,WP_203065909.1,1,63.0,83.39
murJ,WP_203065910.1,1,63.0,82.35
trpS,WP_203065911.1,1,64.0,87.13
NA,WP_035033783.1,1,66.0,84.46
NA,WP_035033784.1,1,64.0,83.24
tsaB,WP_203065912.1,1,67.0,73.47
rimI,WP_052015333.1,1,66.0,82.0
NA,WP_035090155.1,1,62.0,86.03
NA,WP_052015334.1,1,65.0,85.6
miaB,WP_203065913.1,1,64.0,81.57
NA,WP_203065914.1,1,56.00000000000001,64.52
NA,WP_035090153.1,1,64.0,81.09
ybeY,WP_035090152.1,1,59.0,71.81
NA,WP_203065915.1,1,65.0,83.16
lnt,WP_203065916.1,1,67.0,85.99
metK,WP_246513580.1,1,66.0,90.02
trmB,WP_203065918.1,1,65.0,82.38
NA,WP_203065919.1,1,61.0,80.66
NA,WP_246513657.1,1,61.0,71.72
NA,WP_203065920.1,1,67.0,86.47
preA,WP_203065921.1,1,64.0,90.49
NA,WP_203065922.1,1,63.0,80.0
NA,WP_203065923.1,1,65.0,86.21
NA,WP_246513582.1,1,66.0,86.53
NA,WP_203065924.1,1,62.0,70.91
NA,WP_081840585.1,1,62.0,82.81
NA,WP_035090137.1,1,64.0,86.77
NA,WP_203065925.1,1,64.0,84.25
NA,WP_203065926.1,1,64.0,83.29
NA,WP_203066349.1,1,66.0,70.95
hydA,WP_203065927.1,1,64.0,85.47
NA,WP_203065928.1,1,66.0,84.81
NA,WP_035090128.1,1,65.0,87.03
NA,WP_246513584.1,1,65.0,89.83
NA,WP_035090126.1,1,62.0,87.66
NA,WP_035033809.1,1,65.0,75.0
NA,WP_203065929.1,1,65.0,78.52
NA,WP_203065930.1,1,64.0,75.64
NA,WP_203065931.1,1,64.0,77.49
NA,WP_203065932.1,1,62.0,74.48
NA,WP_203065933.1,1,67.0,85.54
NA,WP_203065934.1,1,66.0,82.54
NA,WP_203065935.1,1,67.0,83.05
cdd,WP_203065936.1,1,67.0,81.17
NA,WP_203065937.1,1,65.0,83.56
NA,WP_203065938.1,1,68.0,84.31
NA,WP_203065939.1,1,66.0,85.88
NA,WP_203065940.1,1,66.0,83.4
NA,WP_203065941.1,1,66.0,89.56
NA,WP_203065942.1,1,66.0,87.21
NA,WP_203065943.1,1,64.0,76.72
NA,WP_203065944.1,1,67.0,74.65
NA,WP_035033838.1,1,63.0,80.99
NA,WP_035033839.1,1,63.0,78.92
gshB,WP_203065945.1,1,61.0,78.1
NA,WP_035033841.1,1,66.0,76.99
rsmI,WP_246513585.1,1,67.0,74.57
NA,WP_203065946.1,1,64.0,72.0
hemW,WP_203066465.1,1,63.0,80.11
NA,WP_035090089.1,1,64.0,74.53
rph,WP_182398857.1,1,64.0,76.42
hrcA,WP_035034119.1,1,62.0,74.72
grpE,WP_035033848.1,1,66.0,80.83
NA,WP_182398858.1,1,62.0,76.85
NA,WP_203065947.1,1,66.0,76.69
NA,WP_203065948.1,1,61.0,68.87
NA,WP_246513587.1,1,60.0,81.37
dnaK,WP_182398861.1,1,62.0,83.39
NA,WP_203065949.1,1,62.0,72.81
dnaJ,WP_035033856.1,1,62.0,72.55
NA,WP_203065950.1,1,60.0,70.06
NA,WP_203065951.1,1,65.0,68.25
NA,WP_203065952.1,1,62.0,72.86
nth,WP_203066353.1,1,61.0,76.34
NA,WP_203065953.1,1,61.0,73.33
NA,WP_203065954.1,1,62.0,69.96
NA,WP_035090059.1,1,62.0,76.41
dapB,WP_203065955.1,1,63.0,71.92
pyrF,WP_203065956.1,1,68.0,84.3
NA,WP_203065957.1,1,67.0,81.33
NA,WP_203065958.1,1,65.0,78.95
NA,WP_203065959.1,1,68.0,80.95
NA,WP_246513659.1,1,65.0,86.36
coaA,WP_203065961.1,1,59.0,80.26
NA,WP_246513589.1,1,67.0,81.05
hisF,WP_203065962.1,1,65.0,80.0
NA,WP_203065963.1,1,64.0,83.33
hisA,WP_203065964.1,1,64.0,75.32
hisH,WP_203065965.1,1,67.0,85.58
NA,WP_203065966.1,1,68.0,82.73
hisB,WP_203065967.1,1,61.0,79.57
hslV,WP_035090038.1,1,65.0,86.36
NA,WP_203065968.1,1,63.0,75.78
hslU,WP_203065969.1,1,64.0,88.5
dnaQ,WP_203065970.1,1,60.0,74.78
coaE,WP_203065971.1,1,60.0,60.75
NA,WP_246513591.1,1,61.0,67.67
NA,WP_203065972.1,1,61.0,64.58
hemE,WP_246513661.1,1,62.0,71.94
hemJ,WP_035033905.1,1,56.00000000000001,79.39
rho,WP_035033907.1,1,59.0,78.16
mnmE,WP_203065974.1,1,62.0,66.19
mnmG,WP_203065975.1,1,62.0,68.74
rsmG,WP_203065976.1,1,54.0,61.84
NA,WP_152571845.1,1,62.0,76.26
NA,WP_203065977.1,1,62.0,70.42
holA,WP_203065978.1,1,59.0,66.16
NA,WP_203065979.1,1,61.0,70.48
leuS,WP_203065980.1,1,64.0,84.9
NA,WP_203066356.1,1,66.0,78.77
NA,WP_035033927.1,1,61.0,78.44
NA,WP_052152121.1,1,65.0,75.52
NA,WP_035033930.1,1,59.0,76.06
NA,WP_052015349.1,1,60.0,80.4
NA,WP_203065981.1,1,65.0,75.23
NA,WP_203065982.1,1,66.0,79.81
NA,WP_203066357.1,1,64.0,81.15
NA,WP_203065983.1,1,66.0,81.69
NA,WP_035033938.1,1,62.0,80.58
NA,WP_203065984.1,1,67.0,81.31
NA,WP_035033944.1,1,65.0,80.88
NA,WP_203065985.1,1,62.0,77.36
NA,WP_203065986.1,1,64.0,76.32
NA,WP_203065987.1,1,66.0,72.0
NA,WP_203065988.1,1,63.0,77.78
NA,WP_182398970.1,1,65.0,73.91
NA,WP_052015352.1,1,63.0,80.52
NA,WP_203065989.1,1,64.0,81.79
NA,WP_203065990.1,1,62.0,78.87
NA,WP_035033959.1,1,66.0,80.19
NA,WP_203065991.1,1,63.0,79.1
NA,WP_203065992.1,1,63.0,81.82
NA,WP_203065993.1,1,66.0,77.72
NA,WP_035033968.1,1,62.0,84.47
NA,WP_203065994.1,1,61.0,84.32
NA,WP_052015354.1,1,65.0,82.13
deoD,WP_203065995.1,1,64.0,84.58
NA,WP_035033975.1,1,66.0,77.24
argC,WP_203065996.1,1,64.0,77.85
leuD,WP_035033979.1,1,59.0,81.25
NA,WP_203065997.1,1,62.0,80.0
NA,WP_203065998.1,1,64.0,69.18
NA,WP_052152115.1,1,64.0,79.66
NA,WP_203065999.1,1,64.0,81.07
leuB,WP_203066000.1,1,64.0,84.59
NA,WP_203066001.1,1,66.0,79.82
NA,WP_182398989.1,1,63.0,77.58
NA,WP_160176265.1,1,61.0,76.27
NA,WP_203066002.1,1,66.0,84.24
NA,WP_035033995.1,1,62.0,84.02
NA,WP_203066003.1,1,65.0,84.15
NA,WP_035034000.1,1,64.0,72.46
NA,WP_203066004.1,1,60.0,73.61
NA,WP_035089989.1,1,62.0,80.88
NA,WP_035034008.1,1,62.0,85.0
NA,WP_203066005.1,1,65.0,78.49
NA,WP_203066006.1,1,63.0,75.86
sdhC,WP_035089984.1,1,62.0,84.17
sdhD,WP_052152111.1,1,60.0,87.18
sdhA,WP_203066007.1,1,65.0,82.66
NA,WP_203066008.1,1,64.0,82.84
NA,WP_203066009.1,1,59.0,82.67
NA,WP_203066010.1,1,62.0,87.65
NA,WP_035034036.1,1,67.0,82.81
NA,WP_203066011.1,1,68.0,84.0
zapE,WP_246513594.1,1,63.0,80.4
mdh,WP_035034039.1,1,63.0,81.35
sucC,WP_203066012.1,1,64.0,85.09
NA,WP_203066013.1,1,66.0,83.25
sucD,WP_203066014.1,1,64.0,80.48
NA,WP_035089968.1,1,64.0,85.41
odhB,WP_203066015.1,1,66.0,82.28
NA,WP_203066016.1,1,62.0,84.65
lpdA,WP_203066017.1,1,65.0,86.74
NA,WP_035034058.1,1,62.0,80.23
NA,WP_246513596.1,1,66.0,83.93
NA,WP_203066018.1,1,64.0,79.56
NA,WP_203066019.1,1,67.0,80.51
NA,WP_035037235.1,1,62.0,83.82
NA,WP_203066020.1,1,67.0,77.89
NA,WP_203066021.1,1,67.0,84.14
NA,WP_203066022.1,1,67.0,76.63
NA,WP_203066023.1,1,70.0,85.26
NA,WP_203066024.1,1,64.0,87.78
ppa,WP_035037242.1,1,62.0,86.31
NA,WP_203066025.1,1,69.0,83.33
NA,WP_203066026.1,1,59.0,70.12
NA,WP_203066027.1,1,68.0,75.0
NA,WP_203066028.1,1,66.0,81.85
NA,WP_203066029.1,1,68.0,83.75
NA,WP_035037249.1,1,64.0,85.8
NA,WP_203066030.1,1,66.0,87.91
NA,WP_035037254.1,1,66.0,79.79
NA,WP_035037256.1,1,55.00000000000001,88.51
NA,WP_035094793.1,1,66.0,84.03
NA,WP_203066031.1,1,65.0,85.92
NA,WP_035037272.1,1,66.0,78.16
NA,WP_035037275.1,1,70.0,84.81
NA,WP_052015900.1,1,63.0,81.05
leuC,WP_203066032.1,1,67.0,88.29
NA,WP_203066033.1,1,68.0,85.1
NA,WP_246513598.1,1,69.0,82.38
NA,WP_246513600.1,1,73.0,82.69
NA,WP_203066034.1,1,71.0,85.52
NA,WP_203066035.1,1,68.0,75.97
NA,WP_203066036.1,1,69.0,84.68
hemC,WP_203066037.1,1,70.0,83.33
tsaD,WP_203066038.1,1,70.0,85.15
NA,WP_203066039.1,1,71.0,84.66
NA,WP_203066040.1,1,67.0,86.36
NA,WP_035037291.1,1,59.0,89.23
NA,WP_182399030.1,1,63.0,91.2
NA,WP_203066041.1,1,66.0,81.97
NA,WP_203066042.1,1,65.0,79.1
NA,WP_203066043.1,1,72.0,82.46
htpX,WP_203066360.1,1,68.0,87.81
NA,WP_203066044.1,1,71.0,84.98
NA,WP_246513662.1,1,68.0,84.92
purH,WP_203066046.1,1,66.0,87.31
NA,WP_182399038.1,1,65.0,80.7
NA,WP_203066047.1,1,65.0,79.7
NA,WP_203066048.1,1,66.0,84.22
NA,WP_203066049.1,1,64.0,89.43
NA,WP_203066050.1,1,62.0,88.69
NA,WP_203066051.1,1,63.0,87.93
NA,WP_246513602.1,1,68.0,83.78
NA,WP_203066052.1,1,63.0,82.99
NA,WP_203066053.1,1,66.0,87.85
NA,WP_052015924.1,1,66.0,89.37
NA,WP_203066054.1,1,66.0,89.87
NA,WP_203066055.1,1,68.0,86.0
NA,WP_203066056.1,1,68.0,85.17
NA,WP_203066057.1,1,62.0,80.79
atpA,WP_035037331.1,1,63.0,83.47
NA,WP_035037333.1,1,64.0,85.11
atpD,WP_035037335.1,1,64.0,84.47
NA,WP_035037338.1,1,65.0,84.85
NA,WP_203066058.1,1,66.0,86.15
NA,WP_203066059.1,1,65.0,86.28
NA,WP_203066060.1,1,63.0,75.86
NA,WP_203066061.1,1,66.0,79.46
NA,WP_203066062.1,1,67.0,83.78
NA,WP_035037940.1,1,62.0,86.85
NA,WP_035037938.1,1,64.0,88.0
NA,WP_035037936.1,1,65.0,92.92
NA,WP_203066063.1,1,65.0,89.58
NA,WP_203066064.1,1,68.0,82.45
NA,WP_035037929.1,1,66.0,85.75
NA,WP_203066065.1,1,67.0,86.75
NA,WP_052016027.1,1,67.0,83.03
NA,WP_081840798.1,1,65.0,76.56
pyc,WP_203066066.1,1,65.0,85.05
NA,WP_203066067.1,1,57.99999999999999,65.81
NA,WP_203066068.1,1,66.0,82.95
NA,WP_203066069.1,1,62.0,80.68
NA,WP_203066070.1,1,66.0,88.42
ispG,WP_203066071.1,1,66.0,86.39
NA,WP_203066072.1,1,67.0,84.77
NA,WP_203066073.1,1,65.0,80.6
NA,WP_203066074.1,1,70.0,83.16
NA,WP_246513605.1,1,66.0,87.55
rpmF,WP_035037915.1,1,61.0,76.0
fumC,WP_203066075.1,1,63.0,87.8
ftsE,WP_035037911.1,1,66.0,88.1
NA,WP_035037909.1,1,68.0,89.33
NA,WP_246513664.1,1,67.0,87.6
NA,WP_035037906.1,1,65.0,80.77
NA,WP_035037903.1,1,67.0,82.29
NA,WP_203066076.1,1,67.0,88.82
NA,WP_182399066.1,1,68.0,86.98
hisC,WP_203066077.1,1,66.0,85.63
NA,WP_203063436.1,1,69.0,84.72
NA,WP_035037896.1,1,68.0,84.03
gloB,WP_203066078.1,1,68.0,85.89
NA,WP_203066079.1,1,65.0,88.48
typA,WP_035037892.1,1,65.0,88.74
NA,WP_203066080.1,1,65.0,87.57
NA,WP_182399072.1,1,64.0,88.44
NA,WP_203066081.1,1,61.0,78.08
NA,WP_035037886.1,1,65.0,87.92
NA,WP_203066082.1,1,65.0,83.15
NA,WP_203066083.1,1,66.0,79.29
NA,WP_203066084.1,1,69.0,82.22
NA,WP_035037878.1,1,70.0,82.28
purU,WP_203066085.1,1,61.0,83.27
NA,WP_203066086.1,1,66.0,87.9
iolB,WP_203066087.1,1,65.0,82.35
NA,WP_035094677.1,1,56.99999999999999,83.33
iolE,WP_203066088.1,1,66.0,85.81
iolD,WP_203066089.1,1,66.0,85.62
iolC,WP_203066090.1,1,64.0,80.85
iolG,WP_203066091.1,1,63.0,80.62
NA,WP_203066092.1,1,68.0,86.55
NA,WP_182399085.1,1,61.0,83.0
NA,WP_246513607.1,1,66.0,90.6
NA,WP_203066093.1,1,66.0,87.33
NA,WP_203066094.1,1,64.0,81.15
NA,WP_203066095.1,1,65.0,87.82
NA,WP_203066096.1,1,66.0,91.89
NA,WP_203066097.1,1,62.0,88.82
potA,WP_203066098.1,1,64.0,87.6
NA,WP_203066099.1,1,62.0,88.83
NA,WP_211200056.1,1,67.0,84.09
NA,WP_203066100.1,1,68.0,82.03
NA,WP_211198880.1,1,65.0,86.36
NA,WP_203066101.1,1,59.0,75.66
NA,WP_052016009.1,1,64.0,83.53
NA,WP_203066102.1,1,63.0,82.69
NA,WP_035037827.1,1,66.0,79.63
NA,WP_052152590.1,1,65.0,88.67
NA,WP_203066103.1,1,66.0,86.68
NA,WP_246513666.1,1,63.0,87.32
NA,WP_203066105.1,1,65.0,77.54
NA,WP_203066106.1,1,67.0,84.67
NA,WP_203066107.1,1,67.0,79.39
NA,WP_203066108.1,1,64.0,82.91
NA,WP_203066109.1,1,67.0,85.66
NA,WP_203066110.1,1,65.0,81.49
NA,WP_035037807.1,1,66.0,81.96
NA,WP_203066111.1,1,65.0,79.02
NA,WP_203066112.1,1,62.0,80.99
NA,WP_203066113.1,1,67.0,78.6
NA,WP_203066114.1,1,65.0,82.62
NA,WP_203066115.1,1,67.0,82.09
NA,WP_203066116.1,1,67.0,81.42
NA,WP_203066117.1,1,68.0,83.51
NA,WP_035095747.1,1,67.0,83.51
galU,WP_035037788.1,1,65.0,84.35
NA,WP_035037785.1,1,65.0,80.39
NA,WP_035037782.1,1,66.0,86.45
NA,WP_182399114.1,1,66.0,81.03
NA,WP_203066118.1,1,68.0,80.68
NA,WP_203066119.1,1,64.0,82.38
NA,WP_182399117.1,1,65.0,80.67
NA,WP_203066120.1,1,66.0,87.76
NA,WP_203066121.1,1,67.0,84.38
NA,WP_203066122.1,1,66.0,89.29
NA,WP_203066123.1,1,67.0,83.04
NA,WP_203066124.1,1,68.0,84.82
NA,WP_203066125.1,1,66.0,87.17
NA,WP_203066126.1,1,67.0,86.44
NA,WP_203066365.1,1,67.0,86.92
NA,WP_246513609.1,1,67.0,84.0
NA,WP_203066128.1,1,64.0,84.64
NA,WP_052152724.1,1,68.0,86.15
NA,WP_203066129.1,1,62.0,78.95
NA,WP_203066130.1,1,63.0,78.33
NA,WP_203066131.1,1,70.0,86.67
NA,WP_035037749.1,1,65.0,80.19
NA,WP_203066132.1,1,70.0,85.95
NA,WP_203066133.1,1,66.0,84.24
NA,WP_203066134.1,1,64.0,87.26
NA,WP_203066135.1,1,69.0,83.81
NA,WP_035037193.1,1,69.0,84.81
NA,WP_203066136.1,1,65.0,86.74
NA,WP_203066137.1,1,69.0,86.22
NA,WP_035037188.1,1,68.0,85.06
NA,WP_035037218.1,1,61.0,86.36
NA,WP_203066138.1,1,65.0,85.73
NA,WP_035037184.1,1,65.0,87.58
NA,WP_035037182.1,1,64.0,78.7
NA,WP_052015883.1,1,65.0,83.96
NA,WP_203066139.1,1,70.0,82.29
NA,WP_203066140.1,1,65.0,84.78
NA,WP_203066141.1,1,68.0,84.07
NA,WP_035037170.1,1,56.99999999999999,85.96
NA,WP_246513610.1,1,65.0,88.7
NA,WP_203066143.1,1,67.0,90.41
NA,WP_203066144.1,1,70.0,86.86
NA,WP_182399142.1,1,66.0,86.31
NA,WP_203066145.1,1,68.0,85.49
NA,WP_035037156.1,1,65.0,86.78
NA,WP_203066146.1,1,65.0,79.11
NA,WP_203066147.1,1,67.0,86.47
NA,WP_035094005.1,1,66.0,83.85
NA,WP_052015876.1,1,66.0,83.83
thpR,WP_035037151.1,1,65.0,78.24
NA,WP_035094003.1,1,62.0,89.88
NA,WP_203066148.1,1,63.0,85.9
NA,WP_203066149.1,1,66.0,82.99
NA,WP_081840757.1,1,62.0,80.0
NA,WP_052015874.1,1,64.0,82.33
acnA,WP_203066150.1,1,64.0,88.1
ccmA,WP_203066151.1,1,69.0,84.08
ccmB,WP_182399150.1,1,68.0,88.94
NA,WP_203066152.1,1,65.0,86.99
ccmD,WP_203066153.1,1,70.0,80.85
NA,WP_203066154.1,1,65.0,85.96
NA,WP_035038085.1,1,62.0,89.85
ftsY,WP_203066155.1,1,70.0,85.1
mtaB,WP_203066156.1,1,66.0,86.65
dapF,WP_203066366.1,1,69.0,87.78
NA,WP_203066157.1,1,70.0,84.6
NA,WP_203066158.1,1,63.0,86.08
NA,WP_203066159.1,1,67.0,86.46
ffh,WP_203066160.1,1,65.0,84.54
rpsP,WP_035038064.1,1,68.0,80.17
rimM,WP_203066161.1,1,67.0,85.06
trmD,WP_203066162.1,1,67.0,81.65
NA,WP_035096041.1,1,66.0,91.44
NA,WP_203066163.1,1,65.0,83.07
NA,WP_203066164.1,1,69.0,85.09
NA,WP_203066165.1,1,69.0,80.11
rplS,WP_035038050.1,1,64.0,73.37
NA,WP_182399162.1,1,67.0,82.55
NA,WP_203066166.1,1,65.0,83.61
NA,WP_203066367.1,1,67.0,82.35
NA,WP_246513612.1,1,63.0,88.01
NA,WP_203066168.1,1,66.0,85.9
NA,WP_203066169.1,1,67.0,86.18
NA,WP_035038035.1,1,63.0,85.27
NA,WP_035094228.1,1,65.0,87.5
NA,WP_203066170.1,1,64.0,84.78
NA,WP_035038027.1,1,61.0,83.22
NA,WP_246513614.1,1,67.0,81.36
NA,WP_203066171.1,1,69.0,83.1
gabT,WP_203066172.1,1,67.0,85.41
NA,WP_203066173.1,1,67.0,84.84
NA,WP_182399175.1,1,65.0,84.87
NA,WP_035038018.1,1,60.0,73.42
NA,WP_203066174.1,1,61.0,76.08
NA,WP_203066175.1,1,62.0,68.42
NA,WP_203066176.1,1,64.0,78.93
gcvA,WP_203066177.1,1,63.0,80.49
NA,WP_203066178.1,1,64.0,80.26
NA,WP_203066179.1,1,60.0,80.34
NA,WP_203066180.1,1,62.0,79.01
NA,WP_203066181.1,1,67.0,79.81
NA,WP_035038200.1,1,66.0,80.42
NA,WP_203066182.1,1,68.0,85.76
NA,WP_203066183.1,1,52.0,68.0
NA,WP_203065857.1,1,56.99999999999999,70.98
NA,WP_203066184.1,1,67.0,78.67
NA,WP_203066185.1,1,60.0,81.02
NA,WP_203066186.1,1,62.0,76.3
NA,WP_182399186.1,1,64.0,78.52
NA,WP_203066187.1,1,64.0,75.83
NA,WP_203066188.1,1,67.0,77.17
NA,WP_203066189.1,1,61.0,73.88
NA,WP_203066190.1,1,64.0,80.37
rplU,WP_035038183.1,1,64.0,78.11
rpmA,WP_035038179.1,1,62.0,69.62
NA,WP_182399191.1,1,67.0,84.97
NA,WP_203066191.1,1,67.0,79.39
NA,WP_203066192.1,1,64.0,82.35
obgE,WP_203066193.1,1,63.0,81.07
proB,WP_203066194.1,1,66.0,84.49
NA,WP_203066195.1,1,65.0,83.89
NA,WP_035038167.1,1,64.0,80.88
rsfS,WP_197030292.1,1,62.0,75.42
rlmH,WP_203066196.1,1,66.0,79.61
phnE,WP_182399197.1,1,64.0,89.05
phnD,WP_203066198.1,1,64.0,86.58
phnC,WP_035038159.1,1,65.0,83.77
NA,WP_203066199.1,1,68.0,83.07
NA,WP_203066200.1,1,67.0,80.33
NA,WP_203066201.1,1,68.0,88.64
NA,WP_203066202.1,1,67.0,87.12
NA,WP_203066203.1,1,67.0,82.15
phnH,WP_203066204.1,1,65.0,73.96
phnG,WP_203066205.1,1,66.0,80.28
phnF,WP_203066206.1,1,68.0,83.47
NA,WP_246513616.1,1,69.0,82.68
NA,WP_203066207.1,1,66.0,77.14
NA,WP_182399205.1,1,64.0,80.65
NA,WP_203066208.1,1,68.0,82.59
NA,WP_203066209.1,1,71.0,77.22
NA,WP_203066210.1,1,69.0,76.62
NA,WP_203066211.1,1,63.0,85.71
NA,WP_035038129.1,1,65.0,86.84
NA,WP_035094077.1,1,65.0,78.72
NA,WP_203066212.1,1,64.0,89.29
NA,WP_203066213.1,1,68.0,82.74
NA,WP_203066214.1,1,64.0,81.82
NA,WP_203066215.1,1,64.0,78.17
NA,WP_203066216.1,1,67.0,83.08
NA,WP_203066217.1,1,64.0,88.31
NA,WP_203066218.1,1,59.0,82.0
NA,WP_203066219.1,1,66.0,84.88
NA,WP_203066220.1,1,60.0,82.94
NA,WP_203066221.1,1,65.0,85.6
NA,WP_203066222.1,1,66.0,84.11
NA,WP_203066223.1,1,65.0,87.68
NA,WP_203066224.1,1,68.0,83.74
NA,WP_203066225.1,1,65.0,84.57
NA,WP_203066226.1,1,66.0,78.1
NA,WP_203066227.1,1,64.0,83.12
NA,WP_203066228.1,1,66.0,82.3
NA,WP_203066229.1,1,63.0,79.62
NA,WP_035036963.1,1,67.0,87.85
NA,WP_152571980.1,1,62.0,86.87
NA,WP_202050259.1,1,61.0,89.19
NA,WP_035094051.1,1,64.0,89.57
NA,WP_203066230.1,1,64.0,83.29
NA,WP_035036952.1,1,67.0,88.46
NA,WP_203066231.1,1,64.0,88.43
NA,WP_203066232.1,1,61.0,79.21
NA,WP_035036947.1,1,65.0,81.95
NA,WP_182399229.1,1,61.0,79.04
NA,WP_203066234.1,1,65.0,85.99
cysW,WP_203066235.1,1,63.0,88.03
NA,WP_182399231.1,1,65.0,80.64
NA,WP_203066236.1,1,67.0,79.26
NA,WP_035036935.1,1,64.0,82.81
NA,WP_203066237.1,1,62.0,72.85
NA,WP_203066238.1,1,67.0,88.07
NA,WP_203066239.1,1,67.0,86.52
lysA,WP_203066240.1,1,65.0,84.84
NA,WP_203066242.1,1,63.0,80.66
NA,WP_203066243.1,1,63.0,90.2
NA,WP_203066244.1,1,68.0,83.19
NA,WP_203066245.1,1,65.0,90.05
NA,WP_035033189.1,1,66.0,87.23
NA,WP_182399241.1,1,62.0,89.29
NA,WP_035089269.1,1,68.0,86.51
NA,WP_203066246.1,1,67.0,87.66
gluQRS,WP_246513619.1,1,65.0,78.47
NA,WP_182399244.1,1,67.0,81.04
NA,WP_203066247.1,1,68.0,83.25
NA,WP_035089256.1,1,62.0,84.09
NA,WP_203066248.1,1,65.0,85.71
NA,WP_203066249.1,1,66.0,81.01
NA,WP_203066250.1,1,68.0,83.7
NA,WP_203066251.1,1,68.0,81.85
NA,WP_203066252.1,1,70.0,84.21
NA,WP_203066253.1,1,66.0,82.38
NA,WP_203066254.1,1,67.0,80.25
NA,WP_203066255.1,1,65.0,80.45
NA,WP_203066256.1,1,69.0,84.57
NA,WP_203066257.1,1,67.0,76.44
NA,WP_246513621.1,1,64.0,90.76
aac(3),WP_203066258.1,1,68.0,81.23
NA,WP_052015261.1,1,64.0,85.61
NA,WP_203066259.1,1,66.0,80.28
NA,WP_035033313.1,1,68.0,80.0
NA,WP_035033310.1,1,56.99999999999999,73.79
NA,WP_035033308.1,1,61.0,80.57
NA,WP_035033305.1,1,66.0,85.8
NA,WP_246513623.1,1,65.0,73.46
NA,WP_203066260.1,1,69.0,84.35
NA,WP_203066261.1,1,68.0,84.38
NA,WP_203066262.1,1,62.0,69.09
NA,WP_203066263.1,1,62.0,75.76
NA,WP_203066264.1,1,68.0,88.46
NA,WP_203066265.1,1,62.0,69.05
NA,WP_203066266.1,1,61.0,73.49
NA,WP_203066267.1,1,61.0,80.65
NA,WP_203066268.1,1,63.0,73.78
NA,WP_203066269.1,1,61.0,68.67
NA,WP_203066270.1,1,57.99999999999999,59.39
NA,WP_203066271.1,1,64.0,80.0
NA,WP_203066272.1,1,65.0,76.92
NA,WP_203066273.1,1,56.99999999999999,67.07
NA,WP_203066274.1,1,56.99999999999999,57.81
NA,WP_203066275.1,1,56.00000000000001,65.29
NA,WP_203066276.1,1,61.0,70.53
NA,WP_035033278.1,1,70.0,83.12
NA,WP_035033275.1,1,67.0,88.06
NA,WP_203066277.1,1,68.0,89.34
NA,WP_246513624.1,1,71.0,91.86
NA,WP_203066278.1,1,69.0,82.61
NA,WP_035033270.1,1,65.0,88.54
rpmB,WP_035033267.1,1,64.0,80.0
NA,WP_203066279.1,1,66.0,88.94
NA,WP_203066280.1,1,67.0,88.18
NA,WP_203062786.1,1,65.0,82.7
cobS,WP_035033255.1,1,62.0,86.12
NA,WP_203062787.1,1,65.0,87.17
NA,WP_035093583.1,1,66.0,86.73
xerD,WP_203062788.1,1,66.0,81.79
NA,WP_035033247.1,1,70.0,90.12
NA,WP_035093580.1,1,65.0,85.71
aroB,WP_203062789.1,1,67.0,84.85
NA,WP_203062790.1,1,65.0,80.11
NA,WP_035033235.1,1,61.0,67.05
NA,WP_035033232.1,1,65.0,81.16
secA,WP_035093567.1,1,64.0,86.77
NA,WP_246513204.1,1,64.0,81.23
argJ,WP_203062791.1,1,67.0,85.89
NA,WP_035093561.1,1,65.0,80.16
NA,WP_052015264.1,1,64.0,83.02
NA,WP_203062792.1,1,69.0,86.28
NA,WP_203062793.1,1,67.0,79.37
grxC,WP_035033218.1,1,66.0,81.33
NA,WP_203062794.1,1,68.0,84.42
NA,WP_203062795.1,1,63.0,82.58
NA,WP_203062796.1,1,68.0,88.0
NA,WP_182399280.1,1,67.0,84.88
ubiG,WP_203062797.1,1,65.0,84.45
NA,WP_035032191.1,1,63.0,79.85
ptsP,WP_203062798.1,1,65.0,84.03
prfA,WP_203062799.1,1,66.0,87.11
prmC,WP_246513206.1,1,67.0,79.85
clpB,WP_203062800.1,1,65.0,85.47
NA,WP_035095943.1,1,67.0,82.86
NA,WP_203062801.1,1,67.0,84.96
NA,WP_035095949.1,1,64.0,86.06
NA,WP_203062802.1,1,69.0,81.77
NA,WP_035033575.1,1,68.0,88.75
NA,WP_246513208.1,1,65.0,86.36
NA,WP_203062803.1,1,65.0,83.85
NA,WP_203062804.1,1,67.0,87.5
bfr,WP_035033613.1,1,61.0,81.58
NA,WP_081840559.1,1,57.99999999999999,61.7
NA,WP_203062805.1,1,65.0,82.84
NA,WP_203062806.1,1,63.0,88.46
NA,WP_203062807.1,1,70.0,81.97
NA,WP_203062808.1,1,56.00000000000001,61.41
NA,WP_203062809.1,1,55.00000000000001,60.84
NA,WP_203062810.1,1,64.0,68.35
NA,WP_203066376.1,1,66.0,67.68
traA,WP_203066375.1,1,65.0,76.22
NA,WP_246513210.1,1,57.99999999999999,62.3
NA,WP_203062811.1,1,66.0,79.03
NA,WP_203062812.1,1,68.0,77.94
NA,WP_203062813.1,1,66.0,72.41
NA,WP_203062814.1,1,63.0,76.13
NA,WP_203062815.1,1,62.0,78.74
NA,WP_203062816.1,1,68.0,87.54
NA,WP_035094835.1,1,69.0,85.93
NA,WP_035094838.1,1,72.0,89.08
NA,WP_035030737.1,1,67.0,90.68
NA,WP_203062817.1,1,67.0,88.18
NA,WP_052015084.1,1,66.0,84.84
NA,WP_203062818.1,1,66.0,87.13
NA,WP_203062819.1,1,70.0,84.1
NA,WP_203062820.1,1,67.0,83.49
NA,WP_035030749.1,1,67.0,81.61
NA,WP_052152605.1,1,67.0,81.04
NA,WP_203062821.1,1,67.0,85.6
NA,WP_152572021.1,1,62.0,87.5
rocD,WP_203062822.1,1,66.0,85.64
rocF,WP_203062823.1,1,69.0,87.04
NA,WP_052015087.1,1,64.0,78.83
NA,WP_246513212.1,1,67.0,82.29
NA,WP_203062824.1,1,65.0,84.72
NA,WP_203062825.1,1,69.0,87.96
NA,WP_203062826.1,1,69.0,79.27
NA,WP_203062827.1,1,64.0,83.33
NA,WP_203062828.1,1,63.0,83.84
NA,WP_246513214.1,1,66.0,80.43
NA,WP_052152609.1,1,65.0,83.06
NA,WP_203062830.1,1,66.0,79.71
NA,WP_160176332.1,1,62.0,87.05
NA,WP_203066379.1,1,68.0,90.43
NA,WP_203062831.1,1,68.0,84.24
chrA,WP_203062832.1,1,69.0,82.86
NA,WP_035094863.1,1,65.0,87.59
modC,WP_246513216.1,1,69.0,86.78
modB,WP_203062834.1,1,67.0,90.37
modA,WP_203062835.1,1,66.0,87.45
NA,WP_203062836.1,1,64.0,88.1
NA,WP_203062837.1,1,71.0,84.03
NA,WP_203062840.1,1,68.0,86.9
NA,WP_203062841.1,1,64.0,85.36
NA,WP_281395003.1,1,65.0,86.24
NA,WP_203062843.1,1,69.0,85.71
NA,WP_035094880.1,1,72.0,85.09
NA,WP_035030826.1,1,65.0,87.3
NA,WP_203062845.1,1,67.0,85.81
NA,WP_203062847.1,1,69.0,83.46
NA,WP_203062849.1,1,66.0,78.88
NA,WP_035030835.1,1,66.0,87.18
NA,WP_203062858.1,1,69.0,87.37
NA,WP_035030841.1,1,65.0,85.34
NA,WP_052015095.1,1,65.0,83.7
secB,WP_203062860.1,1,63.0,89.54
NA,WP_035030847.1,1,68.0,81.71
NA,WP_246513218.1,1,65.0,84.45
NA,WP_203062862.1,1,66.0,84.17
NA,WP_203062864.1,1,64.0,85.93
rnk,WP_035030855.1,1,64.0,80.0
NA,WP_203062866.1,1,69.0,82.74
NA,WP_203062868.1,1,68.0,86.11
eda,WP_203062870.1,1,68.0,83.82
nadA,WP_203062872.1,1,63.0,87.57
NA,WP_203062874.1,1,67.0,83.97
NA,WP_203066381.1,1,66.0,84.83
NA,WP_203062875.1,1,65.0,83.18
NA,WP_203062877.1,1,64.0,86.33
ligD,WP_203062879.1,1,65.0,82.98
NA,WP_035035492.1,1,63.0,87.06
NA,WP_203062880.1,1,67.0,84.62
NA,WP_203062882.1,1,69.0,84.8
xth,WP_203062884.1,1,67.0,84.27
NA,WP_203062889.1,1,65.0,87.7
hemH,WP_203062890.1,1,64.0,86.1
NA,WP_203062892.1,1,66.0,82.0
NA,WP_035035511.1,1,65.0,89.88
NA,WP_203062894.1,1,63.0,86.23
NA,WP_203062896.1,1,70.0,90.71
NA,WP_035035517.1,1,64.0,86.12
NA,WP_203062904.1,1,62.0,87.04
galE,WP_203062908.1,1,64.0,84.01
NA,WP_203062910.1,1,65.0,84.17
NA,WP_203062912.1,1,66.0,88.37
NA,WP_246513220.1,1,65.0,78.26
NA,WP_203062921.1,1,67.0,83.53
NA,WP_203062923.1,1,67.0,87.12
gltB,WP_203062925.1,1,65.0,86.47
NA,WP_182399343.1,1,61.0,80.85
NA,WP_203062927.1,1,67.0,81.47
hisN,WP_203062929.1,1,67.0,83.4
NA,WP_246513222.1,1,65.0,83.45
NA,WP_035035553.1,1,64.0,84.55
NA,WP_203062931.1,1,65.0,79.38
NA,WP_035093697.1,1,57.99999999999999,71.23
NA,WP_203062933.1,1,64.0,89.25
ybaK,WP_203062936.1,1,66.0,86.49
hrpB,WP_203062937.1,1,71.0,84.63
NA,WP_203062938.1,1,65.0,88.15
NA,WP_246513223.1,1,65.0,89.21
NA,WP_182399352.1,1,66.0,84.76
NA,WP_246513224.1,1,73.0,88.08
NA,WP_203062940.1,1,64.0,85.02
NA,WP_182399355.1,1,66.0,85.14
NA,WP_203062941.1,1,63.0,82.36
NA,WP_203062942.1,1,64.0,76.09
NA,WP_203062943.1,1,56.00000000000001,70.67
NA,WP_203062944.1,1,61.0,82.67
NA,WP_035035585.1,1,65.0,88.33
NA,WP_203062945.1,1,63.0,85.99
NA,WP_203062946.1,1,64.0,82.78
NA,WP_203062947.1,1,64.0,81.21
NA,WP_203062948.1,1,65.0,82.06
NA,WP_052015581.1,1,61.0,86.43
NA,WP_035035596.1,1,63.0,85.91
NA,WP_035035599.1,1,63.0,87.5
NA,WP_035035602.1,1,65.0,85.94
NA,WP_203062951.1,1,64.0,84.62
NA,WP_203062953.1,1,67.0,81.58
ykgO,WP_035035608.1,1,64.0,84.38
NA,WP_035035610.1,1,64.0,78.46
NA,WP_203062955.1,1,61.0,73.91
NA,WP_203062957.1,1,66.0,82.27
NA,WP_246513226.1,1,63.0,83.81
NA,WP_035035620.1,1,61.0,83.1
NA,WP_203062958.1,1,67.0,82.26
NA,WP_035035626.1,1,63.0,85.59
NA,WP_035093741.1,1,64.0,86.49
NA,WP_035035628.1,1,65.0,83.69
NA,WP_052015556.1,1,63.0,88.79
NA,WP_035035632.1,1,66.0,85.49
NA,WP_052015559.1,1,67.0,83.9
NA,WP_203062961.1,1,68.0,79.9
NA,WP_035035633.1,1,67.0,83.69
NA,WP_203062962.1,1,66.0,82.35
NA,WP_203062963.1,1,61.0,68.42
gap,WP_035035640.1,1,64.0,85.28
tkt,WP_203062965.1,1,65.0,85.49
NA,WP_035035645.1,1,65.0,75.0
NA,WP_035035646.1,1,64.0,83.48
NA,WP_203062966.1,1,66.0,80.4
NA,WP_203062967.1,1,64.0,78.5
NA,WP_035035650.1,1,65.0,79.26
NA,WP_035095253.1,1,67.0,85.5
NA,WP_035035656.1,1,62.0,84.36
NA,WP_160176340.1,1,66.0,84.46
ruvC,WP_203062968.1,1,68.0,83.54
ruvA,WP_035035662.1,1,66.0,81.12
NA,WP_035095245.1,1,62.0,79.79
ruvB,WP_203062970.1,1,66.0,80.77
NA,WP_203062972.1,1,64.0,77.71
ybgC,WP_246513228.1,1,62.0,76.86
NA,WP_035035673.1,1,65.0,82.48
tolQ,WP_035035765.1,1,61.0,79.91
tolR,WP_035035675.1,1,65.0,87.23
NA,WP_035035677.1,1,67.0,81.44
tolB,WP_182399376.1,1,65.0,79.63
pal,WP_035035681.1,1,64.0,77.85
ybgF,WP_203062974.1,1,67.0,76.83
tilS,WP_203062978.1,1,66.0,81.22
ftsH,WP_035035683.1,1,64.0,83.28
glmM,WP_035035686.1,1,64.0,82.19
NA,WP_035035690.1,1,65.0,79.56
NA,WP_203062980.1,1,63.0,80.0
NA,WP_203062982.1,1,63.0,82.71
NA,WP_203062990.1,1,65.0,86.05
NA,WP_203062991.1,1,66.0,83.33
NA,WP_203062993.1,1,67.0,82.39
NA,WP_203062995.1,1,68.0,83.0
dinB,WP_203063000.1,1,69.0,83.74
NA,WP_200879828.1,1,65.0,85.47
NA,WP_035095216.1,1,66.0,89.86
motA,WP_035035717.1,1,64.0,90.65
NA,WP_203063001.1,1,67.0,80.45
NA,WP_203063002.1,1,68.0,81.16
NA,WP_203063003.1,1,68.0,82.12
NA,WP_203063004.1,1,67.0,85.35
NA,WP_203063006.1,1,64.0,84.05
NA,WP_203063008.1,1,65.0,85.89
NA,WP_203063010.1,1,64.0,84.75
NA,WP_203063012.1,1,64.0,86.92
fghA,WP_203063013.1,1,66.0,85.77
NA,WP_203063015.1,1,66.0,82.63
NA,WP_203063018.1,1,67.0,78.66
NA,WP_203063019.1,1,68.0,86.29
NA,WP_203063020.1,1,65.0,85.49
NA,WP_081840700.1,1,65.0,88.49
NA,WP_203063023.1,1,65.0,80.56
NA,WP_035036061.1,1,65.0,85.41
NA,WP_035036063.1,1,64.0,87.35
NA,WP_203063025.1,1,64.0,78.91
serA,WP_203063027.1,1,63.0,85.52
NA,WP_246513229.1,1,66.0,81.09
NA,WP_203063029.1,1,65.0,88.75
NA,WP_203063030.1,1,65.0,82.38
NA,WP_203063032.1,1,69.0,84.76
NA,WP_203063034.1,1,71.0,91.63
NA,WP_203063036.1,1,69.0,87.38
thiB,WP_203063038.1,1,64.0,87.46
NA,WP_052015644.1,1,65.0,85.45
NA,WP_203063040.1,1,66.0,88.89
NA,WP_035036087.1,1,64.0,91.25
rpoH,WP_035088525.1,1,63.0,83.75
NA,WP_203063042.1,1,66.0,84.55
NA,WP_203063044.1,1,66.0,83.64
NA,WP_203063046.1,1,69.0,86.88
NA,WP_246513671.1,1,66.0,90.0
NA,WP_203063048.1,1,60.0,74.52
NA,WP_035036096.1,1,64.0,79.62
NA,WP_035088523.1,1,62.0,89.29
NA,WP_035036104.1,1,59.0,82.67
fliI,WP_035088522.1,1,64.0,76.32
fliJ,WP_035036110.1,1,60.0,84.5
NA,WP_052151979.1,1,65.0,80.86
NA,WP_203063050.1,1,59.0,78.65
NA,WP_035088518.1,1,63.0,83.92
NA,WP_035036119.1,1,63.0,79.55
flhA,WP_035036121.1,1,64.0,88.75
NA,WP_035088515.1,1,67.0,84.34
fliN,WP_052015670.1,1,63.0,80.0
NA,WP_035088513.1,1,68.0,79.8
fliG,WP_081840706.1,1,64.0,89.37
fliF,WP_246513232.1,1,66.0,85.66
NA,WP_203063054.1,1,61.0,76.65
NA,WP_203063055.1,1,64.0,79.37
NA,WP_035036135.1,1,61.0,68.67
NA,WP_035036137.1,1,62.0,84.62
NA,WP_203063056.1,1,67.0,79.73
mnmA,WP_203063057.1,1,65.0,82.62
NA,WP_182399418.1,1,62.0,82.93
NA,WP_035088624.1,1,65.0,80.0
NA,WP_246513234.1,1,64.0,78.45
NA,WP_203063058.1,1,65.0,86.04
NA,WP_203063059.1,1,66.0,79.43
NA,WP_203063060.1,1,64.0,75.8
NA,WP_182399433.1,1,63.0,85.19
NA,WP_052151966.1,1,65.0,82.71
NA,WP_035034217.1,1,65.0,84.49
NA,WP_203063061.1,1,65.0,79.62
NA,WP_203063063.1,1,66.0,80.37
NA,WP_203063064.1,1,65.0,72.91
NA,WP_203063065.1,1,61.0,79.15
NA,WP_203063067.1,1,62.0,73.48
NA,WP_203063069.1,1,62.0,73.89
NA,WP_203063070.1,1,63.0,69.62
NA,WP_052015371.1,1,65.0,87.11
NA,WP_203063079.1,1,67.0,85.6
NA,WP_246513235.1,1,65.0,83.91
NA,WP_035034207.1,1,65.0,80.48
NA,WP_203063081.1,1,67.0,80.37
NA,WP_203063083.1,1,67.0,76.64
NA,WP_203063085.1,1,65.0,80.97
NA,WP_203063087.1,1,64.0,86.45
NA,WP_035034661.1,1,63.0,84.5
NA,WP_035034658.1,1,63.0,87.89
NA,WP_203063089.1,1,65.0,88.77
NA,WP_246513237.1,1,66.0,87.39
NA,WP_203063098.1,1,62.0,76.79
NA,WP_052151946.1,1,65.0,82.38
NA,WP_052151944.1,1,68.0,81.34
NA,WP_203063100.1,1,66.0,74.78
NA,WP_203063102.1,1,67.0,78.47
NA,WP_203063104.1,1,68.0,85.83
NA,WP_182399453.1,1,63.0,86.39
NA,WP_035034644.1,1,63.0,85.19
NA,WP_035034642.1,1,62.0,85.87
NA,WP_203063112.1,1,67.0,76.57
NA,WP_203063114.1,1,67.0,79.21
NA,WP_203063117.1,1,67.0,79.51
NA,WP_203066389.1,1,66.0,88.51
NA,WP_203063118.1,1,68.0,83.51
NA,WP_203063119.1,1,66.0,84.85
NA,WP_203063120.1,1,67.0,87.17
NA,WP_203063126.1,1,64.0,84.21
NA,WP_203063127.1,1,63.0,88.67
NA,WP_203063128.1,1,66.0,90.81
NA,WP_203063129.1,1,65.0,84.84
NA,WP_203063130.1,1,66.0,86.07
NA,WP_203063131.1,1,65.0,86.72
NA,WP_203063137.1,1,66.0,88.54
NA,WP_035034605.1,1,61.0,92.06
NA,WP_246513239.1,1,64.0,86.69
NA,WP_203063139.1,1,67.0,82.72
NA,WP_246513241.1,1,66.0,81.33
NA,WP_203063141.1,1,65.0,84.79
NA,WP_203063143.1,1,65.0,90.38
NA,WP_160176241.1,1,65.0,89.38
NA,WP_203063144.1,1,64.0,85.11
NA,WP_203063146.1,1,62.0,78.21
NA,WP_203063147.1,1,66.0,80.62
NA,WP_203063148.1,1,65.0,84.44
NA,WP_035034583.1,1,64.0,79.59
NA,WP_203063149.1,1,66.0,84.13
NA,WP_203063150.1,1,59.0,73.68
NA,WP_203063151.1,1,57.99999999999999,76.19
NA,WP_203063152.1,1,60.0,78.23
NA,WP_246513243.1,1,66.0,81.68
NA,WP_203063154.1,1,64.0,78.95
NA,WP_203063156.1,1,66.0,72.73
NA,WP_203063157.1,1,65.0,73.62
NA,WP_246513245.1,1,65.0,81.25
NA,WP_203063159.1,1,62.0,71.99
NA,WP_203063161.1,1,63.0,80.14
NA,WP_035034562.1,1,62.0,80.43
NA,WP_203063163.1,1,64.0,76.05
NA,WP_203063165.1,1,60.0,70.18
NA,WP_203063167.1,1,65.0,79.86
NA,WP_081840624.1,1,65.0,83.23
NA,WP_035034558.1,1,61.0,84.59
NA,WP_035034555.1,1,63.0,85.11
NA,WP_035034551.1,1,62.0,87.78
NA,WP_035091242.1,1,62.0,87.98
NA,WP_203063169.1,1,65.0,81.55
NA,WP_203063170.1,1,64.0,83.25
NA,WP_203063172.1,1,66.0,82.32
NA,WP_035034543.1,1,67.0,88.66
NA,WP_182399491.1,1,66.0,88.98
NA,WP_203063174.1,1,67.0,89.34
hpt,WP_197030246.1,1,64.0,91.36
NA,WP_203063176.1,1,69.0,88.37
NA,WP_035091227.1,1,69.0,88.38
NA,WP_203063178.1,1,68.0,87.48
NA,WP_052015398.1,1,65.0,82.55
NA,WP_203063179.1,1,61.0,82.91
NA,WP_203063180.1,1,68.0,81.69
NA,WP_035034526.1,1,63.0,84.55
NA,WP_203063181.1,1,64.0,86.69
NA,WP_203063182.1,1,66.0,86.08
NA,WP_203063183.1,1,65.0,84.45
NA,WP_203063184.1,1,66.0,84.39
NA,WP_203063185.1,1,64.0,87.13
NA,WP_035034516.1,1,64.0,89.26
NA,WP_035034515.1,1,65.0,86.12
NA,WP_035034514.1,1,67.0,90.24
NA,WP_203063186.1,1,64.0,85.71
NA,WP_035034512.1,1,62.0,76.79
NA,WP_203063188.1,1,67.0,83.33
NA,WP_035034509.1,1,66.0,85.94
NA,WP_035034506.1,1,64.0,87.04
NA,WP_203063190.1,1,66.0,85.77
NA,WP_246513248.1,1,65.0,87.84
NA,WP_052015395.1,1,67.0,77.22
NA,WP_203063193.1,1,68.0,85.71
NA,WP_203063195.1,1,69.0,87.46
NA,WP_035034495.1,1,62.0,88.72
NA,WP_203063197.1,1,64.0,82.97
NA,WP_203063198.1,1,64.0,88.01
NA,WP_081840619.1,1,61.0,76.32
NA,WP_203063200.1,1,65.0,89.53
NA,WP_052152218.1,1,65.0,86.56
NA,WP_203063201.1,1,64.0,88.05
NA,WP_203063202.1,1,65.0,83.05
NA,WP_246513250.1,1,62.0,88.19
NA,WP_203063203.1,1,63.0,89.82
NA,WP_203063204.1,1,71.0,81.98
NA,WP_035095271.1,1,67.0,83.68
NA,WP_203063205.1,1,63.0,82.28
NA,WP_203063207.1,1,63.0,76.69
NA,WP_035031256.1,1,64.0,82.11
NA,WP_035031253.1,1,63.0,84.54
NA,WP_203063209.1,1,63.0,81.01
NA,WP_052152287.1,1,64.0,80.93
NA,WP_203063210.1,1,63.0,80.97
NA,WP_203063212.1,1,64.0,85.06
NA,WP_203063215.1,1,67.0,85.37
NA,WP_052015117.1,1,63.0,82.9
NA,WP_081899649.1,1,67.0,80.98
NA,WP_081899648.1,1,67.0,85.89
NA,WP_203063222.1,1,66.0,87.19
NA,WP_203063226.1,1,67.0,82.05
NA,WP_246513253.1,1,65.0,91.81
NA,WP_035031227.1,1,64.0,88.75
NA,WP_035091888.1,1,59.0,79.7
NA,WP_203063228.1,1,63.0,85.22
NA,WP_203063230.1,1,66.0,85.24
NA,WP_035031219.1,1,63.0,90.57
NA,WP_081840456.1,1,62.0,78.95
NA,WP_203063232.1,1,66.0,83.87
NA,WP_246513673.1,1,57.99999999999999,55.0
NA,WP_203063234.1,1,66.0,83.21
NA,WP_203063236.1,1,68.0,83.4
NA,WP_035031208.1,1,66.0,79.18
NA,WP_246513255.1,1,61.0,89.71
NA,WP_203063238.1,1,61.0,90.38
NA,WP_246513257.1,1,62.0,83.55
NA,WP_203063240.1,1,65.0,81.22
NA,WP_203063242.1,1,65.0,82.9
NA,WP_203063243.1,1,66.0,87.15
NA,WP_203063245.1,1,67.0,81.65
NA,WP_035031188.1,1,68.0,87.92
NA,WP_035091910.1,1,62.0,83.5
NA,WP_052015122.1,1,61.0,87.62
NA,WP_035031183.1,1,63.0,93.01
NA,WP_035031180.1,1,63.0,86.24
NA,WP_246513259.1,1,62.0,85.21
NA,WP_203063247.1,1,66.0,77.06
NA,WP_203063249.1,1,64.0,84.88
NA,WP_035028692.1,1,66.0,84.35
NA,WP_052014950.1,1,67.0,85.25
NA,WP_203063251.1,1,66.0,86.27
NA,WP_035028690.1,1,67.0,81.44
NA,WP_203063253.1,1,63.0,90.79
NA,WP_035028814.1,1,64.0,88.01
NA,WP_035028683.1,1,64.0,85.42
NA,WP_052152280.1,1,64.0,85.55
NA,WP_203063255.1,1,67.0,86.27
NA,WP_035028679.1,1,67.0,93.33
NA,WP_035028676.1,1,62.0,80.78
NA,WP_052014948.1,1,63.0,74.58
NA,WP_035028670.1,1,64.0,84.97
NA,WP_203063257.1,1,62.0,73.73
NA,WP_246513262.1,1,66.0,83.4
NA,WP_203063259.1,1,68.0,83.93
NA,WP_203063261.1,1,69.0,88.57
NA,WP_203063264.1,1,67.0,81.54
NA,WP_052152277.1,1,70.0,89.13
NA,WP_052014945.1,1,68.0,90.68
NA,WP_081840360.1,1,60.0,79.07
NA,WP_156046262.1,1,64.0,70.73
NA,WP_182399547.1,1,63.0,81.94
NA,WP_246513263.1,1,64.0,83.11
NA,WP_052014944.1,1,67.0,92.1
NA,WP_203063266.1,1,69.0,86.85
sseA,WP_203063268.1,1,67.0,81.04
NA,WP_203063270.1,1,65.0,89.28
NA,WP_035028643.1,1,63.0,89.02
NA,WP_081899667.1,1,62.0,81.11
NA,WP_035028641.1,1,64.0,83.33
NA,WP_035092270.1,1,62.0,82.21
NA,WP_035028637.1,1,63.0,84.62
NA,WP_035028634.1,1,65.0,78.95
NA,WP_203063272.1,1,64.0,86.99
NA,WP_203063274.1,1,61.0,80.61
NA,WP_035028627.1,1,63.0,84.13
NA,WP_203063276.1,1,62.0,79.93
NA,WP_203063278.1,1,62.0,77.56
NA,WP_246513264.1,1,66.0,82.69
NA,WP_203063282.1,1,66.0,78.11
NA,WP_156046261.1,1,66.0,79.49
NA,WP_203063284.1,1,62.0,86.53
NA,WP_203063286.1,1,65.0,84.38
NA,WP_203063288.1,1,63.0,79.87
NA,WP_035028609.1,1,68.0,80.56
NA,WP_203063290.1,1,61.0,74.49
NA,WP_203063292.1,1,68.0,76.39
NA,WP_203063294.1,1,64.0,75.0
NA,WP_203063296.1,1,65.0,86.03
NA,WP_203063298.1,1,62.0,77.78
NA,WP_052014939.1,1,64.0,83.33
NA,WP_203063300.1,1,68.0,80.59
NA,WP_203063302.1,1,63.0,75.6
NA,WP_035092230.1,1,67.0,83.54
NA,WP_203063304.1,1,66.0,82.35
rpsU,WP_246513675.1,1,61.0,72.41
NA,WP_203063306.1,1,65.0,83.24
purE,WP_035028569.1,1,67.0,84.71
NA,WP_182399567.1,1,60.0,72.58
NA,WP_081840357.1,1,57.99999999999999,81.25
NA,WP_203063308.1,1,62.0,86.42
NA,WP_203063309.1,1,66.0,87.36
NA,WP_035028564.1,1,65.0,85.71
NA,WP_246513266.1,1,66.0,77.71
NA,WP_035028561.1,1,57.99999999999999,76.92
NA,WP_246513268.1,1,65.0,84.05
rpmE,WP_035028558.1,1,65.0,89.06
NA,WP_203063319.1,1,66.0,86.02
NA,WP_203063321.1,1,60.0,84.82
NA,WP_246513270.1,2,63.0,75.31
NA,WP_035028551.1,1,62.0,82.01
uraH,WP_035028547.1,1,60.0,75.23
xdhA,WP_203063327.1,1,65.0,80.13
xdhB,WP_203063329.1,1,64.0,81.31
xdhC,WP_203063331.1,1,65.0,70.5
NA,WP_246513272.1,1,64.0,80.66
NA,WP_246513274.1,1,64.0,84.62
NA,WP_035028532.1,1,63.0,78.33
NA,WP_203063335.1,1,64.0,84.9
NA,WP_182399579.1,1,61.0,82.91
NA,WP_203063339.1,1,63.0,82.28
NA,WP_203063341.1,1,62.0,75.97
NA,WP_156046260.1,1,60.0,84.09
NA,WP_203063343.1,1,63.0,74.52
NA,WP_203063345.1,1,64.0,81.78
NA,WP_203063353.1,1,64.0,74.31
NA,WP_203063355.1,1,63.0,79.65
NA,WP_197030157.1,1,64.0,84.95
NA,WP_035092466.1,1,65.0,88.54
NA,WP_035028505.1,1,66.0,91.27
NA,WP_203063356.1,1,65.0,82.89
NA,WP_203063357.1,1,64.0,86.51
NA,WP_052014930.1,1,65.0,80.13
NA,WP_035028496.1,1,57.99999999999999,69.23
NA,WP_203063358.1,1,63.0,77.89
NA,WP_203063359.1,1,67.0,75.44
NA,WP_211200050.1,1,66.0,78.21
NA,WP_203063361.1,1,63.0,86.83
NA,WP_203063362.1,1,63.0,77.59
NA,WP_203063363.1,1,65.0,83.21
scpA,WP_203063364.1,1,65.0,84.04
mce,WP_203063366.1,1,61.0,71.97
NA,WP_203063368.1,1,66.0,78.08
murD,WP_203063370.1,1,64.0,82.55
NA,WP_203063372.1,1,61.0,78.57
NA,WP_182399621.1,1,64.0,81.53
NA,WP_182399623.1,1,63.0,76.67
NA,WP_246513276.1,1,66.0,88.75
NA,WP_203063374.1,1,64.0,87.46
NA,WP_081840352.1,1,66.0,79.55
NA,WP_052152325.1,1,67.0,81.5
NA,WP_203063376.1,1,67.0,81.75
NA,WP_035028454.1,1,60.0,70.59
NA,WP_203063378.1,1,66.0,80.59
hemF,WP_182399631.1,1,64.0,84.29
NA,WP_203066394.1,1,64.0,77.24
petA,WP_035028444.1,1,67.0,88.62
NA,WP_035028440.1,1,61.0,91.65
NA,WP_182399633.1,1,65.0,81.62
mtnP,WP_035028437.1,1,67.0,80.28
NA,WP_035028435.1,1,66.0,72.88
NA,WP_182399638.1,1,66.0,89.29
NA,WP_203063380.1,1,63.0,78.67
NA,WP_203063382.1,1,66.0,85.0
NA,WP_052152323.1,1,63.0,80.68
NA,WP_035092417.1,1,65.0,85.91
NA,WP_203063386.1,1,66.0,84.78
NA,WP_203063388.1,1,70.0,87.04
ychF,WP_035028414.1,1,64.0,85.11
pth,WP_203063390.1,1,64.0,84.26
NA,WP_156046259.1,1,63.0,82.91
NA,WP_203063392.1,1,70.0,84.69
NA,WP_035028395.1,1,65.0,86.24
NA,WP_182399646.1,1,61.0,84.11
NA,WP_035092403.1,1,66.0,82.73
NA,WP_035028385.1,1,63.0,83.39
pgeF,WP_203063394.1,1,66.0,76.23
NA,WP_203063397.1,1,65.0,82.86
lgt,WP_035092396.1,1,62.0,80.84
NA,WP_035092393.1,1,64.0,77.92
NA,WP_203063398.1,1,66.0,80.52
NA,WP_035028363.1,1,59.0,76.58
proC,WP_203063400.1,1,68.0,78.79
NA,WP_203063401.1,1,62.0,81.6
NA,WP_203066395.1,1,61.0,80.86
NA,WP_246513278.1,1,62.0,82.82
NA,WP_035028351.1,1,62.0,80.77
NA,WP_203063402.1,1,63.0,80.15
NA,WP_035028344.1,1,65.0,80.58
moaD,WP_182399664.1,1,67.0,86.49
pgsA,WP_203063403.1,1,63.0,84.09
NA,WP_035028334.1,1,66.0,83.33
uvrC,WP_035028332.1,1,64.0,81.55
NA,WP_203063404.1,1,66.0,81.85
NA,WP_035028326.1,1,65.0,64.65
NA,WP_203063405.1,1,62.0,81.33
NA,WP_203063406.1,1,64.0,76.67
NA,WP_203063407.1,1,67.0,81.72
NA,WP_203063408.1,1,66.0,90.51
NA,WP_203063409.1,1,70.0,79.05
NA,WP_035092366.1,1,69.0,86.07
NA,WP_246513280.1,1,48.0,47.8
NA,WP_203063413.1,1,49.0,50.62
NA,WP_203063415.1,1,70.0,90.57
uvrB,WP_246513282.1,1,66.0,89.9
NA,WP_203063417.1,1,69.0,85.58
NA,WP_203063419.1,1,62.0,66.2
NA,WP_246513284.1,1,65.0,79.21
NA,WP_203063420.1,1,63.0,82.27
NA,WP_203063421.1,1,66.0,84.48
NA,WP_246513285.1,1,64.0,77.16
NA,WP_035028305.1,1,64.0,84.21
NA,WP_160176298.1,1,64.0,85.78
NA,WP_203063425.1,1,65.0,86.53
NA,WP_035028302.1,1,66.0,87.83
NA,WP_052152315.1,1,68.0,81.08
NA,WP_035028300.1,1,61.0,78.43
NA,WP_203063426.1,1,68.0,80.51
NA,WP_035092345.1,1,66.0,87.1
NA,WP_203063428.1,1,64.0,81.77
NA,WP_203063430.1,1,67.0,87.18
NA,WP_035028272.1,1,65.0,85.53
NA,WP_182399697.1,1,65.0,82.35
NA,WP_210341624.1,1,65.0,78.45
NA,WP_035028250.1,1,70.0,87.91
NA,WP_203063432.1,1,64.0,85.82
NA,WP_035028243.1,1,64.0,76.14
NA,WP_203063433.1,1,66.0,85.68
NA,WP_203063434.1,1,67.0,85.56
NA,WP_203063436.1,1,69.0,84.72
corA,WP_035028240.1,1,61.0,84.69
NA,WP_203063439.1,1,65.0,84.46
NA,WP_035028234.1,1,63.0,85.76
trxB,WP_035028231.1,1,64.0,84.36
greA,WP_035028228.1,1,64.0,77.03
NA,WP_035028225.1,1,60.0,73.77
ltaE,WP_035092329.1,1,66.0,79.76
NA,WP_203063441.1,1,67.0,78.1
catB,WP_203063443.1,1,65.0,89.45
NA,WP_246513287.1,1,66.0,77.03
NA,WP_203063445.1,1,68.0,86.76
carB,WP_203063452.1,1,64.0,89.49
NA,WP_203063453.1,1,61.0,83.64
NA,WP_246513289.1,1,65.0,91.67
NA,WP_035028203.1,1,65.0,85.45
NA,WP_035028189.1,1,68.0,82.25
NA,WP_246513291.1,1,67.0,83.33
NA,WP_035028696.1,1,66.0,83.46
NA,WP_203063455.1,1,64.0,83.33
NA,WP_035028170.1,1,64.0,87.67
NA,WP_203063460.1,1,67.0,79.25
carA,WP_035030568.1,1,65.0,86.99
NA,WP_203063462.1,1,60.0,76.11
NA,WP_203063464.1,1,61.0,83.92
NA,WP_203063466.1,1,67.0,86.98
NA,WP_035030556.1,1,63.0,82.69
NA,WP_035030553.1,1,62.0,84.09
dnaG,WP_203063468.1,1,64.0,76.73
rpoD,WP_035030547.1,1,62.0,82.42
NA,WP_203063470.1,1,61.0,83.72
NA,WP_035030541.1,1,55.00000000000001,66.15
NA,WP_081840432.1,1,64.0,76.69
NA,WP_203063472.1,1,64.0,88.39
NA,WP_203063474.1,1,62.0,80.1
NA,WP_203063476.1,1,68.0,80.62
NA,WP_197030179.1,1,64.0,78.79
NA,WP_035030529.1,1,59.0,79.55
NA,WP_246513293.1,1,69.0,81.47
NA,WP_035090694.1,1,64.0,81.54
NA,WP_203063478.1,1,65.0,85.71
NA,WP_052015070.1,1,64.0,83.05
NA,WP_203063480.1,1,65.0,83.2
NA,WP_035090705.1,1,65.0,86.6
NA,WP_203063483.1,1,67.0,83.15
NA,WP_035030504.1,1,65.0,88.77
phnK,WP_035030501.1,1,65.0,82.33
phnL,WP_203063484.1,1,66.0,84.44
NA,WP_203063486.1,1,65.0,86.15
cls,WP_203063490.1,1,64.0,83.69
NA,WP_203063492.1,1,65.0,81.19
NA,WP_203063494.1,1,68.0,77.08
NA,WP_203063496.1,1,70.0,81.48
NA,WP_035030668.1,1,65.0,79.25
NA,WP_203063498.1,1,63.0,74.73
NA,WP_203063500.1,1,60.0,69.04
NA,WP_203063502.1,1,64.0,72.44
NA,WP_246513294.1,1,60.0,77.52
NA,WP_203063506.1,1,61.0,76.77
NA,WP_203063508.1,1,62.0,76.33
NA,WP_203063510.1,1,61.0,73.0
NA,WP_203063512.1,1,62.0,75.75
NA,WP_203063514.1,1,61.0,72.22
NA,WP_052015068.1,1,64.0,75.78
NA,WP_052015067.1,1,63.0,72.49
NA,WP_246513295.1,1,67.0,79.25
NA,WP_203063516.1,1,65.0,84.62
NA,WP_203063518.1,1,68.0,84.45
NA,WP_203063520.1,1,66.0,86.21
NA,WP_035030438.1,1,65.0,82.87
NA,WP_203063522.1,1,69.0,84.1
NA,WP_203063524.1,1,66.0,87.06
NA,WP_203063527.1,1,69.0,82.82
NA,WP_203063529.1,1,68.0,84.04
NA,WP_035090763.1,1,67.0,87.85
NA,WP_203063531.1,1,69.0,82.73
NA,WP_203063533.1,1,62.0,77.19
NA,WP_203063535.1,1,62.0,80.0
NA,WP_035030642.1,1,63.0,82.41
NA,WP_203063537.1,1,68.0,79.35
NA,WP_203063539.1,1,64.0,77.7
NA,WP_035090771.1,1,68.0,85.28
NA,WP_203063541.1,1,68.0,83.28
NA,WP_203063543.1,1,69.0,85.05
NA,WP_246513297.1,1,68.0,86.52
NA,WP_203063545.1,1,69.0,84.14
NA,WP_203063547.1,1,66.0,90.26
NA,WP_203063549.1,1,67.0,89.14
NA,WP_203063551.1,1,67.0,89.03
NA,WP_203066403.1,1,66.0,87.6
NA,WP_035090782.1,1,63.0,85.59
glgB,WP_246513299.1,1,63.0,82.96
glgC,WP_035030399.1,1,65.0,88.41
glgA,WP_203066404.1,1,65.0,81.76
NA,WP_203063556.1,1,64.0,84.08
glgX,WP_246513301.1,1,66.0,85.91
NA,WP_203063560.1,1,67.0,87.76
NA,WP_035030392.1,1,62.0,86.11
NA,WP_035030389.1,1,65.0,80.8
ureG,WP_203063562.1,1,63.0,81.09
NA,WP_182399825.1,1,64.0,83.58
NA,WP_203063564.1,1,69.0,81.52
NA,WP_203063566.1,1,66.0,82.55
NA,WP_052015059.1,1,56.99999999999999,80.41
NA,WP_203063567.1,1,61.0,76.99
NA,WP_035030373.1,1,69.0,82.76
ureC,WP_203063570.1,1,66.0,89.82
NA,WP_035090805.1,1,61.0,86.78
NA,WP_035030363.1,1,65.0,84.78
NA,WP_035090808.1,1,66.0,85.71
NA,WP_246513303.1,1,68.0,79.7
NA,WP_182399839.1,1,65.0,81.4
NA,WP_035030357.1,1,57.99999999999999,74.47
NA,WP_203063572.1,1,69.0,82.24
NA,WP_203063573.1,1,65.0,79.9
NA,WP_203063574.1,1,67.0,83.95
NA,WP_203063575.1,1,67.0,78.4
ald,WP_203063576.1,1,68.0,82.92
NA,WP_246513306.1,1,64.0,80.45
NA,WP_203063577.1,1,69.0,82.44
NA,WP_152571865.1,1,63.0,79.81
NA,WP_203063579.1,1,66.0,82.79
NA,WP_203063581.1,1,62.0,79.36
NA,WP_203066406.1,1,66.0,85.26
ettA,WP_203063583.1,1,63.0,85.24
tam,WP_203063585.1,1,68.0,83.27
NA,WP_203063586.1,1,65.0,80.94
NA,WP_035030328.1,1,68.0,84.29
rarD,WP_203063587.1,1,66.0,88.78
NA,WP_182399865.1,1,70.0,86.73
NA,WP_203063588.1,1,63.0,86.09
NA,WP_052152190.1,1,64.0,83.84
phoA,WP_203063589.1,1,66.0,83.8
NA,WP_035030316.1,1,66.0,82.11
metF,WP_203063590.1,1,65.0,83.16
NA,WP_035030313.1,1,70.0,86.21
NA,WP_203063591.1,1,66.0,93.22
NA,WP_203063593.1,1,64.0,85.51
NA,WP_203063595.1,1,66.0,88.81
NA,WP_203063597.1,1,64.0,76.0
NA,WP_203063599.1,1,67.0,87.1
NA,WP_203063603.1,1,68.0,86.67
NA,WP_203063605.1,1,66.0,90.94
NA,WP_197030175.1,1,70.0,91.3
ccoP,WP_203063607.1,1,65.0,85.96
NA,WP_081899583.1,1,62.0,83.33
ccoO,WP_203063609.1,1,65.0,85.47
ccoN,WP_203063611.1,1,64.0,86.78
NA,WP_203063613.1,1,66.0,81.58
NA,WP_203063615.1,1,67.0,80.13
NA,WP_035030277.1,1,65.0,80.58
NA,WP_203063616.1,1,67.0,79.15
NA,WP_035030576.1,1,65.0,83.93
NA,WP_203063617.1,1,61.0,75.64
rsmH,WP_203063618.1,1,67.0,80.0
NA,WP_035030269.1,1,63.0,81.03
NA,WP_035030266.1,1,63.0,82.89
NA,WP_246513308.1,1,65.0,81.91
murF,WP_203063619.1,1,65.0,76.26
mraY,WP_035030258.1,1,63.0,86.65
NA,WP_035090888.1,1,64.0,85.15
murG,WP_203063620.1,1,67.0,79.15
murC,WP_035090892.1,1,64.0,82.97
NA,WP_035090894.1,1,63.0,81.48
NA,WP_152571868.1,1,67.0,84.39
ftsA,WP_035034797.1,1,68.0,85.98
NA,WP_052015458.1,1,65.0,81.36
NA,WP_035034796.1,1,63.0,79.68
NA,WP_203063621.1,1,64.0,87.71
NA,WP_203063622.1,1,69.0,86.03
NA,WP_246513310.1,1,66.0,83.03
NA,WP_203063623.1,1,65.0,78.74
ftsZ,WP_203063625.1,1,66.0,79.49
lpxC,WP_035034780.1,1,64.0,79.94
NA,WP_160176274.1,1,60.0,81.18
recN,WP_203063626.1,1,70.0,86.65
ligA,WP_246513312.1,1,65.0,87.07
NA,WP_203063627.1,1,63.0,79.71
NA,WP_203063628.1,1,63.0,84.25
NA,WP_203063629.1,1,65.0,83.14
NA,WP_280114014.1,1,65.0,88.24
NA,WP_203063630.1,1,64.0,82.5
NA,WP_203063631.1,1,64.0,84.24
NA,WP_160176275.1,1,56.99999999999999,70.83
NA,WP_203063633.1,1,63.0,82.82
NA,WP_203063635.1,1,67.0,80.25
NA,WP_203063637.1,1,66.0,71.67
NA,WP_035090918.1,1,62.0,78.29
NA,WP_203063639.1,1,64.0,82.95
NA,WP_203063641.1,1,70.0,86.81
NA,WP_203063643.1,1,65.0,86.6
NA,WP_182399911.1,1,63.0,78.87
NA,WP_182399912.1,1,62.0,85.71
NA,WP_081899587.1,1,56.99999999999999,71.93
NA,WP_035090927.1,1,62.0,82.71
NA,WP_203063645.1,1,62.0,86.57
NA,WP_203063647.1,1,64.0,78.57
NA,WP_203063649.1,1,70.0,81.19
NA,WP_203063651.1,1,64.0,81.17
NA,WP_203063653.1,1,65.0,74.81
NA,WP_203063654.1,1,69.0,85.41
NA,WP_035090937.1,1,67.0,86.74
NA,WP_203063655.1,1,70.0,83.57
NA,WP_246513314.1,1,65.0,83.33
NA,WP_203063656.1,1,69.0,80.56
NA,WP_203063657.1,1,63.0,86.27
NA,WP_203063658.1,1,60.0,85.98
NA,WP_203063659.1,1,61.0,67.65
NA,WP_203063660.1,1,65.0,85.33
NA,WP_203063662.1,1,60.0,71.43
hflK,WP_203063663.1,1,64.0,78.57
hflC,WP_035034335.1,1,64.0,76.34
NA,WP_203063664.1,1,64.0,81.35
NA,WP_203063665.1,1,65.0,76.3
serB,WP_203063666.1,1,64.0,81.49
miaA,WP_203063667.1,1,64.0,74.04
NA,WP_246513316.1,1,64.0,86.72
NA,WP_035090969.1,1,65.0,70.91
NA,WP_035033346.1,1,69.0,77.92
NA,WP_052015271.1,1,64.0,81.67
NA,WP_203063668.1,1,64.0,75.86
NA,WP_035033349.1,1,60.0,79.66
NA,WP_035033351.1,1,62.0,84.91
NA,WP_035033352.1,1,63.0,80.73
NA,WP_203063669.1,1,67.0,84.58
NA,WP_203063671.1,1,65.0,86.08
NA,WP_203063672.1,1,54.0,49.04
NA,WP_246513318.1,1,53.0,60.62
NA,WP_203063674.1,1,63.0,85.99
ilvN,WP_035033357.1,1,64.0,81.71
NA,WP_203063675.1,1,67.0,83.06
NA,WP_203063676.1,1,66.0,85.83
NA,WP_035033510.1,1,64.0,88.54
NA,WP_035033359.1,1,64.0,85.79
NA,WP_035033361.1,1,65.0,87.5
NA,WP_203063678.1,1,66.0,85.51
NA,WP_035033365.1,1,67.0,80.33
NA,WP_035033367.1,1,67.0,79.52
NA,WP_203063680.1,1,61.0,83.78
NA,WP_203063682.1,1,71.0,87.23
NA,WP_203063684.1,1,70.0,82.02
NA,WP_203063686.1,1,66.0,86.18
NA,WP_035090998.1,1,67.0,86.24
NA,WP_203063687.1,1,61.0,80.92
NA,WP_203063689.1,1,65.0,83.22
NA,WP_035033377.1,1,68.0,88.83
ilvC,WP_035033378.1,1,63.0,86.67
NA,WP_203063695.1,1,66.0,84.35
NA,WP_203063697.1,1,65.0,79.49
NA,WP_246513321.1,1,67.0,81.12
NA,WP_203063699.1,1,65.0,84.21
NA,WP_203063701.1,1,61.0,79.49
NA,WP_035033386.1,1,64.0,85.19
NA,WP_203063703.1,1,68.0,82.17
NA,WP_052015276.1,1,62.0,82.12
NA,WP_246513323.1,1,61.0,74.22
NA,WP_203063705.1,1,62.0,67.09
NA,WP_203063707.1,1,62.0,68.42
NA,WP_203063709.1,1,61.0,70.39
NA,WP_203063710.1,1,62.0,68.51
NA,WP_203063712.1,1,60.0,66.1
NA,WP_203063714.1,1,63.0,75.35
NA,WP_203063716.1,1,64.0,75.86
NA,WP_203063718.1,1,55.00000000000001,63.64
NA,WP_203063720.1,1,61.0,72.34
NA,WP_203063721.1,1,59.0,72.55
NA,WP_203063722.1,1,60.0,79.24
NA,WP_203063723.1,1,59.0,69.57
NA,WP_203063724.1,1,63.0,66.0
NA,WP_156046285.1,1,63.0,68.89
NA,WP_203063725.1,1,63.0,71.62
NA,WP_203063726.1,1,64.0,78.41
NA,WP_203063727.1,1,63.0,79.05
NA,WP_203063729.1,1,53.0,60.87
NA,WP_203063730.1,1,56.99999999999999,62.13
NA,WP_203063732.1,1,65.0,70.83
NA,WP_203063733.1,1,63.0,68.29
NA,WP_203063734.1,1,57.99999999999999,71.14
NA,WP_203063735.1,1,57.99999999999999,75.0
NA,WP_203063736.1,1,60.0,69.0
NA,WP_203063737.1,1,59.0,57.58
NA,WP_203063739.1,1,65.0,73.14
NA,WP_246513325.1,1,64.0,72.25
NA,WP_203063740.1,1,60.0,66.67
NA,WP_203063741.1,1,61.0,70.97
NA,WP_203063742.1,1,62.0,70.21
NA,WP_203063743.1,1,59.0,68.06
NA,WP_203063744.1,1,61.0,66.35
NA,WP_246513326.1,1,61.0,73.01
NA,WP_203063746.1,1,60.0,76.77
NA,WP_203063747.1,1,63.0,69.01
NA,WP_203063748.1,1,62.0,81.77
NA,WP_203063749.1,1,64.0,77.42
NA,WP_203063751.1,1,59.0,71.78
NA,WP_203063753.1,1,61.0,72.77
NA,WP_203063754.1,1,59.0,71.3
NA,WP_203063755.1,1,63.0,73.85
NA,WP_203063756.1,1,64.0,71.36
NA,WP_203063757.1,1,62.0,69.49
NA,WP_203063758.1,1,62.0,66.96
NA,WP_203063759.1,1,56.99999999999999,69.15
NA,WP_203063760.1,1,57.99999999999999,67.9
NA,WP_203063767.1,1,57.99999999999999,57.58
NA,WP_203063769.1,1,60.0,64.44
NA,WP_203063770.1,1,60.0,73.11
NA,WP_203063771.1,1,61.0,76.69
NA,WP_203063774.1,1,65.0,69.75
NA,WP_203063776.1,1,59.0,69.67
NA,WP_203063778.1,1,59.0,70.19
NA,WP_203063780.1,1,64.0,73.58
NA,WP_203063782.1,1,56.00000000000001,58.93
NA,WP_203063784.1,1,61.0,77.21
NA,WP_203063786.1,1,65.0,82.35
NA,WP_035029941.1,1,64.0,81.33
NA,WP_203063788.1,1,57.99999999999999,57.58
NA,WP_203063789.1,1,57.99999999999999,76.92
NA,WP_203063790.1,1,64.0,76.85
NA,WP_203063791.1,1,65.0,81.33
NA,WP_203063792.1,1,66.0,83.05
NA,WP_203063794.1,1,63.0,90.2
NA,WP_203063795.1,1,64.0,90.18
NA,WP_246513681.1,1,62.0,87.59
NA,WP_203063796.1,1,66.0,85.82
NA,WP_203063797.1,1,64.0,80.0
NA,WP_203063799.1,1,61.0,83.39
NA,WP_203063801.1,1,66.0,85.1
NA,WP_203063803.1,1,63.0,87.96
NA,WP_035033407.1,1,60.0,84.08
NA,WP_203063805.1,1,67.0,82.33
NA,WP_035033410.1,1,65.0,89.25
NA,WP_203063809.1,1,63.0,81.27
NA,WP_203063812.1,1,65.0,84.22
NA,WP_203063814.1,1,63.0,80.0
acs,WP_035033418.1,1,64.0,87.32
NA,WP_035033421.1,1,64.0,84.8
NA,WP_203063816.1,1,64.0,86.55
NA,WP_035033424.1,1,62.0,83.07
NA,WP_203063818.1,1,67.0,82.83
NA,WP_203063819.1,1,67.0,83.73
NA,WP_246513327.1,1,67.0,87.57
NA,WP_203063820.1,1,65.0,81.1
NA,WP_203063821.1,1,65.0,89.0
NA,WP_203063822.1,1,67.0,91.73
NA,WP_203063823.1,1,68.0,86.46
NA,WP_052015283.1,1,64.0,81.51
NA,WP_203063824.1,1,68.0,87.93
NA,WP_035033440.1,1,64.0,80.41
NA,WP_246513329.1,1,63.0,85.44
cysG,WP_203063825.1,1,69.0,81.28
NA,WP_203063827.1,1,67.0,78.26
NA,WP_203063829.1,1,65.0,86.37
NA,WP_203063830.1,1,64.0,81.2
NA,WP_035033449.1,1,64.0,90.09
NA,WP_203063832.1,1,65.0,86.46
NA,WP_203063834.1,1,66.0,90.66
NA,WP_182400335.1,1,66.0,81.58
NA,WP_203063836.1,1,68.0,85.93
NA,WP_203063838.1,1,68.0,85.68
NA,WP_203063840.1,1,67.0,84.86
metA,WP_203063842.1,1,63.0,88.78
NA,WP_035033465.1,1,62.0,84.95
NA,WP_035033468.1,1,65.0,89.5
flgK,WP_203063844.1,1,65.0,89.43
NA,WP_203063846.1,1,66.0,87.27
flaF,WP_035033475.1,1,66.0,84.82
flbT,WP_035033477.1,1,57.99999999999999,74.81
NA,WP_203063848.1,1,63.0,82.32
NA,WP_203063850.1,1,68.0,87.76
NA,WP_035089043.1,1,68.0,87.59
NA,WP_052015286.1,1,62.0,77.55
NA,WP_081840554.1,1,66.0,86.58
NA,WP_035033488.1,1,69.0,84.62
dksA,WP_035033491.1,1,62.0,79.23
NA,WP_203063852.1,1,67.0,83.23
NA,WP_203063854.1,1,68.0,82.75
NA,WP_203063855.1,1,66.0,86.3
NA,WP_203063856.1,1,67.0,81.54
NA,WP_035028939.1,1,63.0,84.89
flgH,WP_035028942.1,1,67.0,91.06
flgA,WP_152571799.1,1,67.0,87.34
flgG,WP_035028948.1,1,66.0,89.29
flgF,WP_035028951.1,1,65.0,88.98
NA,WP_035028954.1,1,60.0,80.89
fliM,WP_035028957.1,1,62.0,82.76
NA,WP_035028961.1,1,66.0,84.21
NA,WP_203063858.1,1,68.0,82.86
NA,WP_203063860.1,1,70.0,85.71
NA,WP_203063862.1,1,66.0,84.52
fliP,WP_246513683.1,1,65.0,92.06
NA,WP_203063864.1,1,67.0,76.24
flgB,WP_052152025.1,1,61.0,80.16
flgC,WP_035028968.1,1,65.0,84.38
fliE,WP_035028973.1,1,62.0,83.67
NA,WP_035028977.1,1,60.0,84.81
fliR,WP_203063867.1,1,64.0,89.43
flhB,WP_203063869.1,1,63.0,85.92
NA,WP_203063870.1,1,65.0,84.27
NA,WP_203063872.1,1,57.99999999999999,60.78
NA,WP_203063874.1,1,59.0,63.85
NA,WP_203063876.1,1,66.0,84.98
gguC,WP_203063878.1,1,65.0,82.3
recA,WP_035028994.1,1,63.0,82.18
alaS,WP_203063879.1,1,65.0,84.19
NA,WP_203063880.1,1,64.0,89.7
NA,WP_203063881.1,1,64.0,86.97
NA,WP_203066413.1,1,64.0,84.76
NA,WP_203063882.1,1,67.0,80.12
NA,WP_203063883.1,1,64.0,84.44
NA,WP_203063884.1,1,62.0,90.1
NA,WP_203063885.1,1,65.0,80.99
NA,WP_203063887.1,1,67.0,84.82
NA,WP_035029018.1,1,66.0,83.72
fabF,WP_035029021.1,1,67.0,85.71
NA,WP_203063889.1,1,65.0,82.08
NA,WP_035029027.1,1,66.0,87.25
NA,WP_203063891.1,1,67.0,78.26
NA,WP_246513331.1,1,62.0,72.94
NA,WP_035029030.1,1,62.0,78.61
NA,WP_203063894.1,1,65.0,82.98
NA,WP_035029033.1,1,67.0,84.29
NA,WP_203063901.1,1,67.0,89.35
NA,WP_035029040.1,1,64.0,88.61
rpsD,WP_035029043.1,1,63.0,83.16
NA,WP_035029046.1,1,61.0,85.16
ttcA,WP_203066414.1,1,65.0,86.55
NA,WP_203063903.1,1,68.0,83.59
NA,WP_203066415.1,1,64.0,90.5
NA,WP_246513333.1,1,66.0,88.86
grxD,WP_035029055.1,1,61.0,89.52
NA,WP_203063904.1,1,62.0,69.84
NA,WP_203063905.1,1,63.0,81.77
NA,WP_182400011.1,1,67.0,73.0
NA,WP_035029061.1,1,66.0,79.41
NA,WP_052152020.1,1,67.0,86.43
NA,WP_246513335.1,1,69.0,84.46
NA,WP_203063909.1,1,67.0,77.99
purL,WP_203063910.1,1,66.0,86.24
NA,WP_203063911.1,1,64.0,89.76
purQ,WP_035029069.1,1,66.0,85.45
NA,WP_203063912.1,1,63.0,90.06
purS,WP_035088981.1,1,60.0,81.69
NA,WP_035029078.1,1,63.0,88.98
NA,WP_035029081.1,1,65.0,81.63
NA,WP_203063913.1,1,70.0,90.29
NA,WP_203063914.1,1,67.0,83.59
purB,WP_203063915.1,1,65.0,87.38
NA,WP_035029096.1,1,66.0,87.71
NA,WP_203063918.1,1,67.0,83.63
radC,WP_203063920.1,1,65.0,84.77
map,WP_035029105.1,1,67.0,88.06
NA,WP_035088965.1,1,67.0,85.02
gpt,WP_035029111.1,1,66.0,87.82
NA,WP_203063922.1,1,68.0,83.92
NA,WP_203063924.1,1,71.0,84.85
NA,WP_203063926.1,1,63.0,87.95
NA,WP_203063928.1,1,70.0,82.68
NA,WP_203063930.1,1,66.0,82.08
NA,WP_203063932.1,1,67.0,87.15
NA,WP_203063934.1,1,68.0,83.05
NA,WP_203063936.1,1,68.0,91.5
gndA,WP_203063938.1,1,65.0,87.2
NA,WP_203063939.1,1,69.0,84.39
NA,WP_035029134.1,1,67.0,90.72
NA,WP_203063942.1,1,69.0,86.73
NA,WP_035029140.1,1,62.0,84.29
NA,WP_203063944.1,1,65.0,86.01
cysE,WP_035029146.1,1,65.0,81.58
NA,WP_035029150.1,1,56.00000000000001,80.95
NA,WP_203063945.1,1,66.0,80.81
NA,WP_035088941.1,1,61.0,85.42
NA,WP_203063947.1,1,66.0,85.22
NA,WP_052014980.1,1,65.0,83.98
NA,WP_035029163.1,1,65.0,82.21
NA,WP_182400031.1,1,65.0,82.7
NA,WP_035088936.1,1,62.0,78.69
hisI,WP_203063949.1,1,64.0,81.56
folE,WP_203063950.1,1,63.0,81.82
NA,WP_203063952.1,1,64.0,78.1
yidD,WP_035038592.1,1,66.0,81.11
thrS,WP_203063954.1,1,62.0,84.1
NA,WP_203063956.1,1,64.0,84.08
NA,WP_203063958.1,1,64.0,77.24
NA,WP_203063960.1,1,66.0,86.29
NA,WP_203063961.1,1,65.0,84.7
NA,WP_035038254.1,1,66.0,85.58
NA,WP_182400040.1,1,65.0,81.08
NA,WP_203063962.1,1,64.0,79.23
NA,WP_052016084.1,1,62.0,77.1
NA,WP_203063963.1,1,66.0,73.98
NA,WP_156046493.1,1,66.0,75.0
NA,WP_203063964.1,1,65.0,83.53
NA,WP_203063965.1,1,63.0,86.36
NA,WP_203063966.1,1,62.0,71.17
NA,WP_203063968.1,1,68.0,81.5
xylF,WP_035088914.1,1,64.0,83.68
NA,WP_035038270.1,1,63.0,78.74
NA,WP_035038273.1,1,63.0,83.27
NA,WP_035038276.1,1,61.0,81.22
NA,WP_203063970.1,1,66.0,80.0
NA,WP_203063971.1,1,65.0,82.59
rlmB,WP_203063972.1,1,66.0,83.06
NA,WP_035088907.1,1,62.0,81.48
NA,WP_203063973.1,1,63.0,83.71
NA,WP_203063974.1,1,66.0,84.76
ilvA,WP_203063975.1,1,68.0,88.28
NA,WP_203063976.1,1,64.0,84.85
NA,WP_203063977.1,1,63.0,83.39
NA,WP_246513340.1,1,69.0,85.53
NA,WP_035038296.1,1,67.0,88.92
NA,WP_203063979.1,1,67.0,87.31
NA,WP_203063980.1,1,69.0,84.72
NA,WP_203063981.1,1,66.0,91.04
NA,WP_203063982.1,1,65.0,86.88
NA,WP_203063983.1,1,63.0,82.05
NA,WP_281394914.1,1,68.0,85.71
NA,WP_203066418.1,1,67.0,80.27
NA,WP_035038311.1,1,65.0,82.14
secE,WP_035038317.1,1,61.0,89.09
nusG,WP_035088883.1,1,61.0,87.43
rplK,WP_035038321.1,1,61.0,81.95
rplA,WP_182400061.1,1,65.0,82.35
rplJ,WP_203063985.1,1,61.0,70.37
rplL,WP_035038327.1,1,62.0,73.04
rpoB,WP_035038329.1,1,62.0,83.65
rpoC,WP_203063986.1,1,62.0,83.06
NA,WP_281394915.1,1,65.0,87.1
NA,WP_203063987.1,1,67.0,87.74
NA,WP_035038337.1,1,57.99999999999999,83.22
rpsL,WP_035038339.1,1,62.0,72.81
rpsG,WP_035038340.1,1,63.0,79.59
fusA,WP_035038608.1,1,62.0,82.68
tuf,WP_035038342.1,1,62.0,79.07
rpsJ,WP_035038345.1,1,56.99999999999999,67.74
rplC,WP_035038348.1,1,64.0,82.14
rplD,WP_035038359.1,1,62.0,74.11
NA,WP_035038363.1,1,59.0,84.09
rplB,WP_035038365.1,1,64.0,77.04
rpsS,WP_035038367.1,1,61.0,84.34
rplV,WP_035038370.1,1,62.0,80.34
rpsC,WP_035038373.1,1,63.0,77.09
rplP,WP_035038376.1,1,63.0,78.91
rpmC,WP_035038379.1,1,57.99999999999999,76.36
rpsQ,WP_035038382.1,1,59.0,80.88
rplN,WP_035038386.1,1,61.0,78.76
rplX,WP_035038388.1,1,61.0,79.79
rplE,WP_035088873.1,1,59.0,82.29
rpsN,WP_035038392.1,1,64.0,80.43
rpsH,WP_035038394.1,1,61.0,77.24
rplF,WP_035038398.1,1,61.0,76.19
rplR,WP_035038401.1,1,64.0,73.87
rpsE,WP_035038403.1,1,66.0,77.25
rpmD,WP_035038405.1,1,62.0,83.02
rplO,WP_035038407.1,1,63.0,71.71
secY,WP_035038409.1,1,62.0,83.45
NA,WP_035038412.1,1,63.0,80.98
rpsM,WP_035038414.1,1,59.0,70.8
rpsK,WP_035038417.1,1,64.0,81.82
NA,WP_035038420.1,1,61.0,79.09
rplQ,WP_035038422.1,1,64.0,85.71
NA,WP_203063988.1,1,65.0,84.02
NA,WP_246513342.1,1,63.0,83.33
NA,WP_203063989.1,1,63.0,89.84
NA,WP_246513344.1,1,65.0,82.9
NA,WP_035038426.1,1,67.0,86.44
NA,WP_203063990.1,1,67.0,88.02
NA,WP_203063991.1,1,66.0,84.64
crcB,WP_035038428.1,1,64.0,83.05
NA,WP_035038430.1,1,66.0,85.94
NA,WP_182400070.1,1,66.0,78.0
NA,WP_035088862.1,1,66.0,81.99
NA,WP_203063992.1,1,66.0,82.73
NA,WP_203063993.1,1,62.0,73.21
folK,WP_203063994.1,1,65.0,83.7
folB,WP_035038439.1,1,62.0,78.07
folP,WP_203063997.1,1,66.0,84.17
rimO,WP_035038625.1,1,64.0,86.82
NA,WP_035038441.1,1,65.0,87.43
lipB,WP_203063998.1,1,67.0,82.01
NA,WP_035038442.1,1,63.0,79.41
NA,WP_035088850.1,1,63.0,84.67
NA,WP_203063999.1,1,64.0,80.67
NA,WP_081840821.1,1,62.0,72.5
NA,WP_035088848.1,1,64.0,89.67
NA,WP_203064000.1,1,67.0,85.96
NA,WP_182400079.1,1,65.0,82.94
NA,WP_246513346.1,1,65.0,83.58
NA,WP_203064001.1,1,63.0,78.75
NA,WP_203064003.1,1,68.0,88.32
NA,WP_035038455.1,1,72.0,86.9
NA,WP_203064004.1,1,67.0,88.24
clpA,WP_035038461.1,1,65.0,85.81
NA,WP_203064005.1,1,68.0,83.18
NA,WP_182400086.1,1,65.0,79.34
NA,WP_182400087.1,1,64.0,78.49
NA,WP_182400088.1,1,65.0,84.85
NA,WP_203064007.1,1,61.0,83.61
NA,WP_246513348.1,1,64.0,81.45
NA,WP_203064009.1,1,66.0,83.88
NA,WP_035038479.1,1,66.0,83.92
NA,WP_203064010.1,1,66.0,83.53
NA,WP_160176246.1,1,62.0,75.9
NA,WP_035038484.1,1,56.99999999999999,75.65
NA,WP_203064011.1,1,64.0,82.77
rpmG,WP_035038488.1,1,53.0,89.13
NA,WP_035038490.1,1,61.0,84.25
rnr,WP_203064013.1,1,67.0,87.35
topA,WP_203064015.1,1,64.0,83.16
NA,WP_203064017.1,1,67.0,80.09
dprA,WP_203064020.1,1,70.0,83.61
plsY,WP_203064021.1,1,67.0,87.89
pyrC,WP_203064022.1,1,68.0,84.63
NA,WP_052015460.1,1,66.0,86.56
ruvX,WP_203064023.1,1,66.0,84.14
NA,WP_203064024.1,1,59.0,73.43
NA,WP_203064025.1,1,67.0,73.53
gatC,WP_035034872.1,1,61.0,82.56
NA,WP_203064026.1,1,65.0,77.48
NA,WP_203064027.1,1,60.0,76.51
gatA,WP_035088780.1,1,65.0,85.15
NA,WP_203064028.1,1,64.0,82.45
NA,WP_035034886.1,1,63.0,70.83
NA,WP_203064030.1,1,57.99999999999999,73.68
NA,WP_203064032.1,1,63.0,80.41
NA,WP_052015465.1,1,60.0,74.47
NA,WP_052015468.1,1,65.0,79.63
gatB,WP_035088771.1,1,63.0,86.36
NA,WP_203064034.1,1,64.0,87.23
NA,WP_035088768.1,1,65.0,88.15
NA,WP_203064036.1,1,64.0,78.46
purN,WP_203064038.1,1,66.0,82.69
purM,WP_203064040.1,1,65.0,84.24
NA,WP_035034903.1,1,63.0,85.71
NA,WP_203064042.1,1,65.0,74.59
NA,WP_035034905.1,1,62.0,82.91
NA,WP_203064043.1,1,65.0,80.56
rnd,WP_035088761.1,1,64.0,85.9
aspS,WP_035034912.1,1,63.0,82.19
NA,WP_203064044.1,1,63.0,82.48
NA,WP_281394917.1,1,63.0,82.45
NA,WP_246513685.1,1,65.0,85.65
NA,WP_203064046.1,1,62.0,80.27
NA,WP_035034921.1,1,63.0,80.88
NA,WP_035088749.1,1,60.0,82.28
NA,WP_035034927.1,1,65.0,85.15
NA,WP_246513351.1,1,67.0,77.06
NA,WP_203064047.1,1,67.0,78.59
NA,WP_203064048.1,1,67.0,79.51
NA,WP_203064049.1,1,63.0,72.82
NA,WP_246513353.1,1,64.0,77.38
NA,WP_203064050.1,1,66.0,82.06
NA,WP_203064051.1,1,63.0,81.95
NA,WP_035034948.1,1,65.0,82.13
NA,WP_246513687.1,1,64.0,86.69
NA,WP_203066424.1,1,63.0,84.65
NA,WP_035034954.1,1,63.0,83.11
NA,WP_035034957.1,1,66.0,81.95
NA,WP_203064056.1,1,64.0,80.88
NA,WP_203064058.1,1,66.0,78.87
NA,WP_203064059.1,1,61.0,85.83
NA,WP_035034966.1,1,64.0,84.65
NA,WP_203064060.1,1,63.0,84.62
NA,WP_035034969.1,1,69.0,86.32
NA,WP_203064061.1,1,65.0,81.07
NA,WP_203064062.1,1,62.0,82.14
NA,WP_203064063.1,1,64.0,85.69
NA,WP_203064064.1,1,64.0,90.06
NA,WP_035034976.1,1,64.0,88.43
NA,WP_203064065.1,1,65.0,88.09
NA,WP_203064066.1,1,66.0,86.77
NA,WP_182400134.1,1,64.0,86.71
NA,WP_203064068.1,1,65.0,84.41
NA,WP_203064069.1,1,64.0,86.74
NA,WP_035034994.1,1,64.0,85.33
NA,WP_203064070.1,1,63.0,87.83
NA,WP_203064071.1,1,67.0,77.57
NA,WP_203064072.1,1,66.0,83.72
NA,WP_203064073.1,1,68.0,85.48
NA,WP_203064074.1,1,65.0,79.6
NA,WP_203064075.1,1,66.0,81.97
NA,WP_035088693.1,1,64.0,82.83
NA,WP_035031875.1,1,63.0,81.56
NA,WP_203064076.1,1,59.0,83.16
NA,WP_035031882.1,1,62.0,87.17
NA,WP_152571782.1,1,64.0,83.07
NA,WP_203064077.1,1,67.0,85.97
NA,WP_197030194.1,1,64.0,88.77
NA,WP_035031887.1,1,63.0,82.73
NA,WP_052015174.1,1,62.0,87.15
NA,WP_035031890.1,1,63.0,80.15
NA,WP_035031893.1,1,64.0,81.11
NA,WP_052152033.1,1,67.0,85.17
NA,WP_035031896.1,1,63.0,86.71
NA,WP_203064079.1,1,65.0,84.24
NA,WP_203064081.1,1,66.0,82.64
NA,WP_203064083.1,1,66.0,84.4
NA,WP_035031906.1,1,64.0,88.1
murB,WP_203064094.1,1,68.0,87.15
NA,WP_203064095.1,1,66.0,89.38
NA,WP_035031912.1,1,65.0,90.86
NA,WP_203064097.1,1,65.0,87.61
NA,WP_203064099.1,1,68.0,85.56
NA,WP_203064101.1,1,67.0,91.87
NA,WP_203064103.1,1,65.0,84.83
NA,WP_203064107.1,1,68.0,87.33
NA,WP_203064109.1,1,66.0,85.9
NA,WP_035031931.1,1,70.0,84.26
NA,WP_203064111.1,1,66.0,86.83
NA,WP_182400155.1,1,66.0,84.76
NA,WP_203064113.1,1,65.0,83.63
mepA,WP_035088656.1,1,70.0,87.18
NA,WP_203064115.1,1,68.0,85.63
NA,WP_203064117.1,1,67.0,84.86
NA,WP_203064119.1,1,68.0,84.0
NA,WP_035031949.1,1,69.0,87.25
NA,WP_246513355.1,1,66.0,80.2
NA,WP_035031955.1,1,66.0,85.98
NA,WP_203064121.1,1,65.0,77.78
NA,WP_203064122.1,1,65.0,74.72
NA,WP_203064123.1,1,67.0,80.49
NA,WP_203064124.1,1,65.0,87.12
NA,WP_203064125.1,1,66.0,84.68
NA,WP_203064126.1,1,64.0,83.72
NA,WP_203064128.1,1,66.0,76.06
NA,WP_203064130.1,1,65.0,80.18
NA,WP_203064131.1,1,67.0,74.04
NA,WP_203064132.1,1,67.0,78.18
NA,WP_203064133.1,1,63.0,76.67
NA,WP_203064134.1,1,65.0,64.71
NA,WP_203064135.1,1,66.0,80.78
NA,WP_203064136.1,1,59.0,72.97
NA,WP_203064137.1,1,64.0,82.49
NA,WP_203064139.1,1,67.0,80.86
NA,WP_203064141.1,1,64.0,87.88
NA,WP_035031011.1,1,63.0,77.97
NA,WP_035031013.1,1,64.0,86.18
NA,WP_203064142.1,1,65.0,73.73
NA,WP_246513688.1,1,69.0,87.21
NA,WP_203064143.1,1,67.0,82.08
NA,WP_203064144.1,1,61.0,83.67
NA,WP_203064145.1,1,69.0,82.33
NA,WP_203064146.1,1,65.0,83.87
aat,WP_203064147.1,1,63.0,82.35
accC,WP_035095881.1,1,64.0,85.81
accB,WP_035031030.1,1,66.0,81.05
aroQ,WP_052015106.1,1,62.0,77.04
NA,WP_203064154.1,1,64.0,86.96
NA,WP_203064156.1,1,65.0,81.6
NA,WP_203064158.1,1,63.0,80.0
NA,WP_203064160.1,1,67.0,82.11
NA,WP_203064162.1,1,65.0,79.21
NA,WP_052152660.1,1,66.0,82.96
NA,WP_203064164.1,1,65.0,88.12
NA,WP_203064166.1,1,69.0,84.62
prfB,WP_203064168.1,2,62.0,80.61
NA,WP_246513357.1,1,64.0,80.27
NA,WP_203064172.1,1,59.0,72.67
NA,WP_203064173.1,1,65.0,87.57
tyrS,WP_203064174.1,1,64.0,89.19
NA,WP_035031063.1,1,64.0,85.78
NA,WP_203064175.1,1,65.0,73.32
sufB,WP_182400208.1,1,61.0,87.12
sufC,WP_035031155.1,1,62.0,83.4
sufD,WP_203064176.1,1,65.0,84.99
NA,WP_203064177.1,1,62.0,81.36
NA,WP_035031074.1,1,66.0,89.6
NA,WP_035031077.1,1,63.0,84.62
NA,WP_203064178.1,1,68.0,86.71
NA,WP_035031080.1,1,65.0,86.78
NA,WP_035031083.1,1,65.0,82.08
parE,WP_203064179.1,1,65.0,84.79
NA,WP_035093504.1,1,70.0,82.99
NA,WP_203064180.1,1,62.0,71.17
NA,WP_203064182.1,1,64.0,82.46
NA,WP_203064183.1,1,66.0,81.88
NA,WP_203064185.1,1,66.0,76.5
NA,WP_203064187.1,1,67.0,91.91
NA,WP_203064189.1,1,66.0,89.44
NA,WP_203064191.1,1,66.0,85.69
NA,WP_203064193.1,1,65.0,86.64
NA,WP_203064195.1,1,65.0,85.93
NA,WP_035031117.1,1,66.0,83.9
NA,WP_203064197.1,1,65.0,83.46
NA,WP_052152417.1,1,65.0,85.34
NA,WP_203064199.1,1,69.0,82.39
NA,WP_203064201.1,1,65.0,81.94
NA,WP_203064203.1,1,63.0,74.5
NA,WP_203064204.1,1,62.0,65.93
NA,WP_203064206.1,1,61.0,70.51
NA,WP_203064208.1,1,57.99999999999999,71.7
NA,WP_203064209.1,1,60.0,72.73
NA,WP_203064210.1,1,61.0,74.87
NA,WP_203064211.1,1,63.0,77.33
NA,WP_203064212.1,1,64.0,72.79
NA,WP_203064213.1,1,63.0,68.04
NA,WP_203064214.1,1,59.0,69.81
NA,WP_203064215.1,1,59.0,73.01
NA,WP_203064217.1,1,64.0,72.92
NA,WP_203064218.1,1,59.0,63.35
NA,WP_246513690.1,1,59.0,62.96
NA,WP_203064219.1,1,63.0,79.8
NA,WP_203064220.1,1,65.0,75.42
NA,WP_203064221.1,1,60.0,72.98
rhaM,WP_203064228.1,1,62.0,85.58
NA,WP_203064230.1,1,64.0,80.0
NA,WP_203064240.1,1,65.0,80.0
NA,WP_035039045.1,1,62.0,85.69
NA,WP_203064242.1,1,68.0,80.6
NA,WP_203064244.1,1,64.0,81.71
NA,WP_203064246.1,1,64.0,76.69
NA,WP_203064248.1,1,63.0,78.34
NA,WP_035093166.1,1,63.0,90.0
NA,WP_246513360.1,1,64.0,86.71
rplM,WP_035039032.1,1,63.0,83.45
rpsI,WP_203064250.1,1,67.0,85.23
NA,WP_203064251.1,1,64.0,77.18
NA,WP_035039026.1,1,66.0,86.97
NA,WP_200879816.1,1,60.0,77.5
NA,WP_203064253.1,1,63.0,83.09
NA,WP_052016209.1,1,64.0,86.4
NA,WP_203064255.1,1,64.0,86.93
NA,WP_035093172.1,1,61.0,74.74
NA,WP_203064257.1,1,60.0,69.33
NA,WP_052016250.1,1,65.0,79.86
glpX,WP_052016207.1,1,67.0,83.65
NA,WP_035039015.1,1,61.0,75.95
recJ,WP_182397416.1,1,68.0,81.32
NA,WP_203064258.1,1,63.0,86.16
NA,WP_203064262.1,1,66.0,79.92
NA,WP_052016203.1,1,64.0,87.63
ilvD,WP_035039247.1,1,66.0,87.73
NA,WP_152571951.1,1,64.0,82.19
NA,WP_203064264.1,1,64.0,85.09
NA,WP_203064266.1,1,66.0,81.75
NA,WP_035039244.1,1,60.0,76.5
NA,WP_052152391.1,1,65.0,78.29
NA,WP_203064268.1,1,66.0,78.22
lhgO,WP_203066429.1,1,65.0,77.58
NA,WP_203064270.1,1,65.0,75.93
NA,WP_203064271.1,1,63.0,80.77
NA,WP_203064272.1,1,64.0,84.08
NA,WP_203064273.1,1,66.0,77.89
metE,WP_203064274.1,1,66.0,82.68
NA,WP_203064275.1,1,64.0,81.44
NA,WP_246513362.1,1,61.0,85.92
NA,WP_035038984.1,1,63.0,82.76
NA,WP_035093205.1,1,63.0,79.07
NA,WP_081840850.1,1,65.0,80.3
NA,WP_035039223.1,1,61.0,83.55
NA,WP_203064277.1,1,62.0,79.36
NA,WP_203064278.1,1,62.0,68.85
NA,WP_035038980.1,1,64.0,83.58
NA,WP_035038977.1,1,57.99999999999999,84.85
NA,WP_160176310.1,1,62.0,79.37
rpsB,WP_203064279.1,1,66.0,87.2
tsf,WP_035038970.1,1,63.0,81.88
pyrH,WP_035093208.1,1,63.0,81.14
frr,WP_035038966.1,1,62.0,76.27
NA,WP_182397402.1,1,63.0,80.25
NA,WP_203064281.1,1,63.0,74.64
rseP,WP_203064285.1,1,62.0,81.06
bamA,WP_203064286.1,1,61.0,77.78
lpxD,WP_203064287.1,1,64.0,77.81
fabZ,WP_246513363.1,1,61.0,82.24
lpxA,WP_052016183.1,1,62.0,77.24
lpxI,WP_203064288.1,1,64.0,74.44
NA,WP_203064289.1,1,65.0,75.41
gltA,WP_035038959.1,1,61.0,84.8
NA,WP_203064294.1,1,65.0,77.11
NA,WP_203064295.1,1,65.0,80.72
NA,WP_203064296.1,1,65.0,83.33
NA,WP_203064297.1,1,67.0,85.13
NA,WP_246513692.1,1,66.0,77.97
NA,WP_203064299.1,1,63.0,81.48
lexA,WP_203064300.1,1,61.0,69.57
NA,WP_246513364.1,1,56.00000000000001,68.89
mdtN,WP_203064308.1,1,64.0,81.16
NA,WP_203064309.1,1,62.0,79.55
NA,WP_203064310.1,1,67.0,83.76
NA,WP_203064311.1,1,65.0,77.3
NA,WP_203064312.1,1,65.0,75.19
moaC,WP_035038936.1,1,64.0,78.52
trpC,WP_035093931.1,1,65.0,81.92
trpD,WP_203064313.1,1,65.0,79.59
NA,WP_035038931.1,1,63.0,82.01
trpE,WP_203064314.1,1,63.0,78.5
NA,WP_203064315.1,1,65.0,83.63
tpiA,WP_203064317.1,1,63.0,71.9
secG,WP_203064318.1,1,69.0,78.72
NA,WP_203064319.1,1,65.0,87.24
NA,WP_203064320.1,1,61.0,79.59
NA,WP_035038916.1,1,55.00000000000001,74.11
NA,WP_203064321.1,1,64.0,81.52
NA,WP_203064322.1,1,60.0,74.49
NA,WP_203064323.1,1,64.0,82.95
NA,WP_203064324.1,1,66.0,80.66
nuoF,WP_203064326.1,1,65.0,87.32
NA,WP_203064328.1,1,65.0,76.62
nuoG,WP_203064330.1,1,65.0,83.67
nuoH,WP_203064332.1,1,63.0,90.73
nuoI,WP_035038901.1,1,63.0,86.09
NA,WP_203064334.1,1,63.0,89.06
nuoK,WP_035038896.1,1,59.0,86.32
nuoL,WP_203064336.1,1,63.0,86.89
NA,WP_203064338.1,1,61.0,87.02
nuoN,WP_203064339.1,1,63.0,89.19
NA,WP_203064341.1,1,68.0,80.75
NA,WP_203064343.1,1,66.0,83.12
NA,WP_035093908.1,1,63.0,91.78
NA,WP_203064345.1,1,68.0,75.7
NA,WP_203064346.1,1,62.0,81.36
NA,WP_052016243.1,1,62.0,86.89
NA,WP_035038880.1,1,68.0,84.93
dnaE,WP_203064347.1,1,65.0,85.64
NA,WP_035038874.1,1,63.0,88.83
NA,WP_246513366.1,1,66.0,78.48
NA,WP_035038869.1,1,64.0,87.31
coaD,WP_035038866.1,1,62.0,81.17
NA,WP_246513368.1,1,64.0,88.17
NA,WP_035038863.1,1,61.0,85.14
queA,WP_203064348.1,1,66.0,85.43
NA,WP_035038858.1,1,66.0,85.71
tgt,WP_035038856.1,1,65.0,84.15
pgi,WP_203064349.1,1,64.0,89.78
NA,WP_203064351.1,1,69.0,85.31
glmU,WP_203064352.1,1,65.0,83.26
glmS,WP_203064354.1,1,66.0,84.14
NA,WP_203064356.1,1,67.0,88.43
NA,WP_203064358.1,1,56.99999999999999,81.68
NA,WP_203064360.1,1,65.0,79.79
NA,WP_203064362.1,1,64.0,85.14
eno,WP_182397352.1,1,63.0,85.1
NA,WP_203064365.1,1,63.0,80.27
NA,WP_203064367.1,1,56.00000000000001,65.57
pdhA,WP_052016160.1,1,62.0,81.16
NA,WP_203064368.1,1,65.0,84.79
NA,WP_203064370.1,1,66.0,82.56
NA,WP_203064372.1,1,66.0,84.47
NA,WP_203064376.1,1,65.0,83.33
lipA,WP_035093880.1,1,62.0,82.79
NA,WP_203064378.1,1,62.0,79.71
NA,WP_203064387.1,1,65.0,80.38
NA,WP_203064389.1,1,65.0,75.77
dusB,WP_203064391.1,1,67.0,81.79
NA,WP_035038809.1,1,62.0,78.79
ntrC,WP_035093875.1,1,64.0,83.09
NA,WP_182397342.1,1,62.0,81.25
NA,WP_035038805.1,1,64.0,82.71
hfq,WP_035038803.1,1,59.0,82.67
hflX,WP_081899757.1,1,66.0,79.37
mazG,WP_203064402.1,1,64.0,78.08
NA,WP_203066432.1,1,68.0,85.44
NA,WP_246513370.1,1,65.0,81.33
NA,WP_203064404.1,1,62.0,79.58
tmk,WP_035038797.1,1,65.0,79.91
NA,WP_203064410.1,1,64.0,73.37
metG,WP_203064411.1,1,63.0,82.64
NA,WP_203064412.1,1,65.0,78.71
NA,WP_203064413.1,1,63.0,76.12
NA,WP_203064414.1,1,64.0,79.84
NA,WP_203064415.1,1,67.0,80.17
NA,WP_203064416.1,1,64.0,85.56
NA,WP_035093861.1,1,65.0,87.05
NA,WP_203064417.1,1,65.0,82.93
NA,WP_203064418.1,1,65.0,81.22
NA,WP_203064419.1,1,64.0,76.65
pcaQ,WP_246513372.1,1,66.0,86.0
pcaD,WP_203064421.1,1,65.0,77.65
pcaC,WP_203064423.1,1,69.0,81.75
pcaH,WP_203064425.1,1,65.0,85.0
pcaG,WP_203064427.1,1,64.0,81.82
NA,WP_203064429.1,1,66.0,90.15
NA,WP_203064431.1,1,66.0,87.75
pcaF,WP_203064433.1,1,67.0,81.93
NA,WP_203064435.1,1,67.0,84.02
pobA,WP_203064437.1,1,65.0,78.42
NA,WP_246513374.1,1,65.0,79.39
NA,WP_203064439.1,1,69.0,86.29
NA,WP_203064441.1,1,67.0,79.83
NA,WP_203064443.1,1,69.0,85.84
NA,WP_203064446.1,1,66.0,87.83
NA,WP_203064448.1,1,65.0,80.78
NA,WP_203064450.1,1,62.0,80.1
NA,WP_203064452.1,1,65.0,77.86
NA,WP_203064454.1,1,64.0,74.65
NA,WP_203064456.1,1,64.0,74.6
NA,WP_203064458.1,1,62.0,79.21
NA,WP_203064460.1,1,65.0,73.13
NA,WP_203064462.1,1,57.99999999999999,69.5
NA,WP_182397307.1,1,61.0,86.27
NA,WP_203064464.1,1,59.0,69.62
NA,WP_203064466.1,1,59.0,67.07
NA,WP_203064468.1,1,61.0,71.88
NA,WP_246513376.1,1,62.0,69.45
NA,WP_203064478.1,1,63.0,75.61
NA,WP_182397301.1,1,60.0,71.9
NA,WP_203064480.1,1,60.0,76.98
NA,WP_203064482.1,1,61.0,77.77
NA,WP_035038741.1,1,57.99999999999999,81.82
NA,WP_203064484.1,1,64.0,80.34
NA,WP_203064486.1,1,65.0,76.14
NA,WP_035038738.1,1,64.0,84.81
NA,WP_035038736.1,1,63.0,83.18
NA,WP_246513696.1,1,62.0,82.52
NA,WP_203064488.1,1,62.0,77.08
NA,WP_203066437.1,1,64.0,81.15
NA,WP_203064489.1,1,63.0,73.25
NA,WP_035038731.1,1,59.0,76.25
NA,WP_203064490.1,1,62.0,71.71
NA,WP_182397293.1,1,68.0,74.11
NA,WP_182397292.1,1,63.0,83.13
NA,WP_203064491.1,1,62.0,77.65
NA,WP_203064492.1,1,64.0,79.06
NA,WP_203064494.1,1,63.0,75.77
NA,WP_035038717.1,1,63.0,74.66
NA,WP_203064496.1,1,61.0,73.39
NA,WP_203064498.1,1,62.0,76.71
NA,WP_203064499.1,1,61.0,79.01
NA,WP_203066438.1,1,62.0,83.04
NA,WP_035093814.1,1,60.0,80.06
NA,WP_203066439.1,1,61.0,84.32
NA,WP_203064500.1,1,64.0,77.95
NA,WP_203064501.1,1,59.0,75.46
NA,WP_035093811.1,1,63.0,73.29
NA,WP_203064502.1,1,66.0,86.73
NA,WP_203064503.1,1,64.0,80.7
NA,WP_203064504.1,1,65.0,83.0
NA,WP_203064506.1,1,63.0,81.48
NA,WP_203064508.1,1,62.0,84.38
NA,WP_203064510.1,1,65.0,81.0
NA,WP_203064512.1,1,63.0,80.0
NA,WP_203064514.1,1,66.0,80.33
NA,WP_052152463.1,1,62.0,87.42
NA,WP_081840861.1,1,65.0,86.42
NA,WP_203064516.1,1,65.0,91.01
NA,WP_203064518.1,1,66.0,78.89
NA,WP_203064520.1,1,65.0,86.84
NA,WP_203064527.1,1,60.0,81.77
NA,WP_203064528.1,1,63.0,78.26
NA,WP_035038677.1,1,68.0,84.52
NA,WP_203064529.1,1,67.0,85.32
NA,WP_203064530.1,1,64.0,88.19
NA,WP_035038673.1,1,67.0,88.55
NA,WP_035038671.1,1,67.0,88.41
NA,WP_203064531.1,1,65.0,84.42
NA,WP_035038667.1,1,66.0,84.4
NA,WP_203064532.1,1,65.0,86.3
NA,WP_203064533.1,1,63.0,85.71
NA,WP_203064534.1,1,66.0,77.54
NA,WP_203064535.1,1,67.0,77.12
NA,WP_203064536.1,1,64.0,80.45
NA,WP_203064537.1,1,66.0,80.25
NA,WP_203064538.1,1,65.0,85.03
NA,WP_203064539.1,1,67.0,84.56
NA,WP_203064540.1,1,66.0,85.74
NA,WP_182397259.1,1,64.0,80.56
metH,WP_203064541.1,1,64.0,85.51
NA,WP_203064542.1,1,67.0,76.36
NA,WP_203064543.1,1,64.0,79.29
NA,WP_152571973.1,1,64.0,78.24
folD,WP_203064544.1,1,66.0,84.19
NA,WP_203064545.1,1,68.0,81.25
NA,WP_203064546.1,1,67.0,81.38
NA,WP_203064547.1,1,66.0,76.53
NA,WP_035029279.1,1,62.0,76.27
NA,WP_152571972.1,1,59.0,61.43
NA,WP_203064549.1,1,56.00000000000001,58.9
NA,WP_203064550.1,1,66.0,82.7
NA,WP_203064551.1,1,63.0,80.85
NA,WP_203064552.1,1,69.0,82.43
NA,WP_182400356.1,1,66.0,77.29
NA,WP_203064553.1,1,65.0,82.45
NA,WP_203064554.1,1,65.0,81.27
NA,WP_035029261.1,1,67.0,82.17
NA,WP_203064556.1,1,64.0,84.35
NA,WP_203064557.1,1,66.0,73.94
NA,WP_203064558.1,1,62.0,75.0
NA,WP_203064559.1,1,67.0,79.02
NA,WP_052014982.1,1,67.0,85.43
mfd,WP_203064560.1,1,66.0,85.47
NA,WP_203064561.1,1,65.0,79.55
recG,WP_246513379.1,1,67.0,86.15
NA,WP_152572091.1,1,62.0,69.71
NA,WP_035029244.1,1,63.0,74.56
NA,WP_035029241.1,1,65.0,81.87
NA,WP_035029238.1,1,63.0,88.78
NA,WP_035029235.1,1,63.0,84.97
NA,WP_203064563.1,1,66.0,86.56
NA,WP_203064564.1,1,66.0,83.01
NA,WP_035029226.1,1,63.0,80.77
NA,WP_052015984.1,1,64.0,75.39
NA,WP_035037636.1,1,61.0,78.05
NA,WP_203064565.1,1,65.0,71.78
NA,WP_203064566.1,1,64.0,76.07
NA,WP_203064567.1,1,68.0,81.05
tet,WP_203064568.1,1,62.0,79.84
lon,WP_203064569.1,1,62.0,83.15
NA,WP_203064570.1,1,72.0,84.18
NA,WP_203064571.1,1,71.0,86.74
NA,WP_203064572.1,1,68.0,82.69
clpX,WP_035037618.1,1,62.0,83.89
NA,WP_035037615.1,1,63.0,84.42
NA,WP_203064573.1,1,63.0,89.55
NA,WP_203064574.1,1,65.0,90.84
NA,WP_203064575.1,1,66.0,78.67
tig,WP_203064576.1,1,63.0,84.04
NA,WP_203064577.1,1,66.0,88.33
NA,WP_035037599.1,1,61.0,77.67
glnA,WP_035037596.1,1,61.0,89.78
NA,WP_152572025.1,1,64.0,91.09
NA,WP_203064578.1,1,65.0,81.33
gyrA,WP_246513698.1,1,64.0,84.91
NA,WP_203064580.1,1,62.0,81.25
NA,WP_246513381.1,1,70.0,82.7
NA,WP_035094944.1,1,63.0,84.74
NA,WP_203064581.1,1,63.0,86.75
NA,WP_035037580.1,1,66.0,82.91
uvrA,WP_035037577.1,1,64.0,85.61
NA,WP_156046482.1,1,63.0,85.37
NA,WP_081840784.1,1,62.0,82.5
NA,WP_203064582.1,1,65.0,78.64
trmFO,WP_203064583.1,1,66.0,86.31
NA,WP_203064584.1,1,66.0,84.21
NA,WP_203064585.1,1,67.0,82.35
NA,WP_203064586.1,1,66.0,82.5
secD,WP_035037565.1,1,64.0,86.31
yajC,WP_035037562.1,1,65.0,90.74
NA,WP_035094989.1,1,64.0,85.87
NA,WP_197030283.1,1,66.0,83.33
surE,WP_052015967.1,1,65.0,83.6
serS,WP_203064587.1,1,66.0,83.83
tatC,WP_035037555.1,1,62.0,87.17
tatB,WP_203064588.1,1,67.0,79.18
tatA,WP_203064589.1,1,56.99999999999999,72.58
scpB,WP_203064590.1,1,66.0,78.87
NA,WP_035094959.1,1,65.0,81.96
NA,WP_203064591.1,1,69.0,76.65
argS,WP_035037547.1,1,63.0,79.9
NA,WP_246513383.1,1,66.0,80.93
NA,WP_035037545.1,1,60.0,77.57
NA,WP_203064592.1,1,66.0,81.32
NA,WP_203064593.1,1,67.0,82.89
NA,WP_203064594.1,1,63.0,76.02
NA,WP_203064595.1,1,65.0,84.36
NA,WP_203064596.1,1,64.0,86.25
NA,WP_203064597.1,1,64.0,76.49
NA,WP_203064598.1,1,65.0,84.53
NA,WP_035094977.1,1,62.0,71.56
NA,WP_203064599.1,1,66.0,81.78
NA,WP_203064600.1,1,65.0,81.58
NA,WP_203064601.1,1,64.0,85.67
NA,WP_035037514.1,1,62.0,86.79
NA,WP_035037512.1,1,63.0,91.53
NA,WP_035037510.1,1,64.0,85.55
NA,WP_203064602.1,1,65.0,83.38
NA,WP_203064603.1,1,67.0,84.92
NA,WP_035093423.1,1,63.0,79.03
NA,WP_203064604.1,1,69.0,85.6
NA,WP_203064605.1,1,69.0,79.47
NA,WP_203064606.1,1,64.0,81.88
NA,WP_203064607.1,1,64.0,68.53
gstA,WP_203064608.1,1,63.0,82.11
NA,WP_203064609.1,1,67.0,82.31
NA,WP_203064610.1,1,67.0,80.0
NA,WP_203064611.1,1,64.0,82.47
NA,WP_203064612.1,1,70.0,82.45
NA,WP_035037489.1,1,65.0,85.85
NA,WP_246513385.1,1,63.0,82.68
NA,WP_203064613.1,1,65.0,82.01
NA,WP_052152414.1,1,65.0,83.26
NA,WP_203064614.1,1,64.0,86.55
cydB,WP_203064615.1,1,66.0,91.38
cysN,WP_211200062.1,1,65.0,86.08
cysD,WP_035037474.1,1,64.0,87.8
NA,WP_203064617.1,1,65.0,88.82
NA,WP_203064619.1,1,67.0,89.52
NA,WP_203064620.1,1,66.0,85.33
NA,WP_281394924.1,1,62.0,89.06
NA,WP_203064621.1,1,63.0,89.13
NA,WP_081899727.1,1,63.0,89.15
NA,WP_035037460.1,1,60.0,77.27
metC,WP_246513388.1,1,65.0,84.97
NA,WP_203064622.1,1,66.0,87.39
NA,WP_035037643.1,1,63.0,82.61
NA,WP_203064623.1,1,64.0,86.62
NA,WP_203064624.1,1,66.0,88.17
NA,WP_182400229.1,1,64.0,86.84
NA,WP_203064625.1,1,66.0,88.17
NA,WP_203064626.1,1,63.0,85.0
NA,WP_203064627.1,1,63.0,85.75
NA,WP_203064628.1,1,61.0,85.91
NA,WP_246513700.1,1,63.0,85.77
NA,WP_035037441.1,1,63.0,80.59
NA,WP_035037437.1,1,64.0,77.84
NA,WP_203064629.1,1,62.0,75.0
NA,WP_203064630.1,1,61.0,73.66
NA,WP_203064631.1,1,61.0,70.0
NA,WP_203064632.1,1,60.0,65.76
NA,WP_203064633.1,1,60.0,73.91
NA,WP_203064634.1,1,63.0,75.54
NA,WP_203064635.1,1,65.0,82.0
proP,WP_203064636.1,1,57.99999999999999,70.88
NA,WP_203064638.1,1,61.0,70.33
NA,WP_203064639.1,1,60.0,66.03
treZ,WP_203064640.1,1,56.99999999999999,67.24
NA,WP_081840690.1,1,60.0,58.33
NA,WP_203064641.1,1,59.0,70.53
NA,WP_203064642.1,1,54.0,67.05
NA,WP_203064643.1,1,55.00000000000001,63.57
NA,WP_203064644.1,1,56.99999999999999,61.14
NA,WP_203066445.1,1,59.0,72.73
NA,WP_203064645.1,1,60.0,69.14
NA,WP_203064646.1,1,59.0,61.22
NA,WP_203064647.1,1,59.0,74.22
NA,WP_203064648.1,1,62.0,72.83
NA,WP_203064649.1,1,57.99999999999999,61.04
NA,WP_203064650.1,1,56.00000000000001,64.04
NA,WP_203064651.1,1,59.0,63.89
NA,WP_203064652.1,1,57.99999999999999,67.75
NA,WP_203064653.1,1,62.0,65.5
NA,WP_203064654.1,1,63.0,78.39
NA,WP_203064655.1,1,67.0,79.87
NA,WP_152572013.1,1,59.0,69.0
NA,WP_203064656.1,1,61.0,71.18
NA,WP_203064657.1,1,56.00000000000001,72.0
NA,WP_203064658.1,1,61.0,66.88
NA,WP_246513704.1,1,63.0,76.03
NA,WP_246513390.1,1,65.0,75.44
NA,WP_203064660.1,1,63.0,69.64
NA,WP_203064661.1,1,63.0,80.63
can,WP_203064662.1,1,57.99999999999999,67.17
NA,WP_203064663.1,1,61.0,77.51
NA,WP_203064664.1,1,65.0,77.92
nrfD,WP_246513391.1,1,62.0,86.55
NA,WP_203064665.1,1,65.0,80.7
NA,WP_203064666.1,1,65.0,77.38
NA,WP_203064667.1,1,66.0,79.94
NA,WP_203064668.1,1,63.0,69.03
NA,WP_203064669.1,1,63.0,76.03
NA,WP_203064672.1,1,64.0,83.33
NA,WP_203064673.1,1,62.0,88.31
NA,WP_203064674.1,1,64.0,78.83
NA,WP_203064675.1,1,64.0,75.42
NA,WP_203064676.1,1,64.0,80.54
NA,WP_203064678.1,1,55.00000000000001,67.35
NA,WP_203064679.1,1,55.00000000000001,64.62
NA,WP_203064680.1,1,54.0,59.7
NA,WP_203064682.1,1,64.0,71.67
NA,WP_203064683.1,1,69.0,80.22
NA,WP_203064684.1,1,65.0,83.54
NA,WP_203064685.1,1,67.0,82.43
NA,WP_203064686.1,1,57.99999999999999,66.99
NA,WP_203064687.1,1,59.0,72.55
NA,WP_203064688.1,1,61.0,71.07
NA,WP_203064689.1,1,64.0,78.38
NA,WP_203064690.1,1,62.0,79.58
NA,WP_203064691.1,1,62.0,82.76
NA,WP_203064692.1,1,65.0,81.91
NA,WP_203064693.1,1,66.0,78.32
NA,WP_203064694.1,1,62.0,77.61
NA,WP_203064695.1,1,65.0,79.4
NA,WP_203064696.1,1,62.0,74.48
NA,WP_203064697.1,1,57.99999999999999,67.61
NA,WP_203064698.1,1,56.99999999999999,56.18
NA,WP_203064699.1,1,54.0,61.49
NA,WP_203064700.1,1,63.0,80.87
NA,WP_246513392.1,1,64.0,84.03
NA,WP_203064701.1,1,66.0,78.79
NA,WP_203064702.1,1,59.0,76.0
NA,WP_246513394.1,1,56.00000000000001,61.33
NA,WP_203064703.1,1,62.0,75.59
NA,WP_203064704.1,1,63.0,71.53
NA,WP_203064705.1,1,63.0,60.56
NA,WP_203066462.1,1,63.0,72.73
NA,WP_203064706.1,1,64.0,85.53
NA,WP_203064707.1,1,64.0,85.54
NA,WP_203064708.1,1,54.0,62.9
NA,WP_203064709.1,1,68.0,82.72
NA,WP_203064710.1,1,65.0,78.45
NA,WP_203064711.1,1,63.0,74.08
terL,WP_203064712.1,1,64.0,81.56
NA,WP_203064713.1,1,61.0,74.48
NA,WP_246513396.1,1,63.0,72.96
NA,WP_203064714.1,1,55.00000000000001,56.34
NA,WP_203064715.1,1,68.0,80.23
NA,WP_203064716.1,1,63.0,78.26
NA,WP_203064717.1,1,57.99999999999999,66.81
NA,WP_203064718.1,1,62.0,69.44
NA,WP_203064719.1,1,67.0,80.43
NA,WP_203064720.1,1,61.0,67.87
NA,WP_203064721.1,1,67.0,82.82
NA,WP_170267270.1,1,65.0,91.89
NA,WP_203064723.1,1,64.0,62.79
NA,WP_203064724.1,1,62.0,70.79
NA,WP_203064725.1,1,62.0,72.63
NA,WP_203064726.1,1,62.0,76.79
NA,WP_203064727.1,1,60.0,71.05
NA,WP_203064728.1,1,59.0,70.21
NA,WP_203064729.1,1,67.0,81.73
NA,WP_203064730.1,1,61.0,62.2
NA,WP_203064731.1,1,66.0,84.21
NA,WP_203064732.1,1,62.0,74.23
bet,WP_203064733.1,1,62.0,79.74
NA,WP_203064734.1,1,69.0,88.33
NA,WP_203064735.1,1,67.0,82.22
NA,WP_203064736.1,1,61.0,70.27
NA,WP_203064737.1,1,66.0,84.46
NA,WP_203064738.1,1,67.0,82.86
NA,WP_203064739.1,1,63.0,76.19
NA,WP_203064740.1,1,63.0,67.47
NA,WP_203064741.1,1,64.0,72.48
NA,WP_203064742.1,1,59.0,65.27
NA,WP_203063707.1,1,62.0,68.42
NA,WP_203064743.1,1,61.0,64.71
NA,WP_246513398.1,1,57.99999999999999,66.67
NA,WP_203064745.1,1,67.0,73.08
NA,WP_203064746.1,1,64.0,83.1
NA,WP_203064747.1,1,65.0,86.82
NA,WP_203064748.1,1,65.0,81.28
NA,WP_203064749.1,1,65.0,85.49
NA,WP_182397435.1,1,61.0,73.86
NA,WP_035039059.1,1,53.0,63.83
NA,WP_052016229.1,1,65.0,84.64
plsX,WP_035039062.1,1,63.0,78.9
NA,WP_035093141.1,1,63.0,74.42
NA,WP_203064750.1,1,57.99999999999999,74.88
bamE,WP_035039067.1,1,61.0,83.09
nusB,WP_035039069.1,1,64.0,77.12
nrdR,WP_203064751.1,1,64.0,85.43
glyA,WP_035039074.1,1,64.0,86.79
NA,WP_246513400.1,1,63.0,77.52
NA,WP_203064752.1,1,65.0,78.18
NA,WP_203064753.1,1,64.0,81.3
NA,WP_035039083.1,1,67.0,90.16
NA,WP_035039288.1,1,64.0,88.32
NA,WP_035039086.1,1,62.0,85.71
NA,WP_035039089.1,1,63.0,85.83
hemB,WP_081840859.1,1,65.0,83.54
NA,WP_203064754.1,1,67.0,83.72
NA,WP_203064755.1,1,71.0,75.0
NA,WP_052152382.1,1,65.0,89.17
NA,WP_035039097.1,1,61.0,77.68
NA,WP_203064756.1,1,66.0,86.81
NA,WP_203064757.1,1,67.0,77.42
parC,WP_203064758.1,1,66.0,88.56
recO,WP_182397448.1,1,69.0,83.04
NA,WP_203066450.1,1,63.0,82.25
NA,WP_203064759.1,1,65.0,88.35
NA,WP_246513705.1,1,62.0,89.04
NA,WP_035093111.1,1,64.0,85.6
era,WP_035030002.1,1,63.0,84.8
rnc,WP_035093109.1,1,66.0,84.51
lepB,WP_246513403.1,1,60.0,86.55
acpS,WP_035030011.1,1,64.0,78.63
pyrE,WP_203064761.1,1,65.0,85.95
NA,WP_035030016.1,1,64.0,86.53
rpoZ,WP_035030018.1,1,61.0,81.42
NA,WP_035030020.1,1,57.99999999999999,74.44
NA,WP_203064762.1,1,67.0,84.73
smpB,WP_035030024.1,1,64.0,88.96
dapA,WP_203064763.1,1,66.0,86.52
NA,WP_203064764.1,1,67.0,82.68
NA,WP_052152380.1,1,68.0,84.77
NA,WP_203064765.1,1,66.0,72.32
NA,WP_203064766.1,1,64.0,68.63
NA,WP_035093087.1,1,60.0,71.63
NA,WP_203064767.1,1,62.0,77.73
nagA,WP_203064768.1,1,63.0,75.8
NA,WP_203064769.1,1,64.0,79.88
NA,WP_203064770.1,1,63.0,75.2
NA,WP_246513405.1,1,60.0,72.35
msuE,WP_203064772.1,1,61.0,69.27
NA,WP_203064773.1,1,62.0,73.95
NA,WP_203064774.1,1,62.0,74.03
NA,WP_203064775.1,1,63.0,74.66
NA,WP_203064776.1,1,63.0,69.74
NA,WP_203064777.1,1,62.0,78.88
NA,WP_203064778.1,1,63.0,75.07
NA,WP_203064779.1,1,64.0,69.89
NA,WP_203064780.1,1,62.0,69.35
NA,WP_203066463.1,1,64.0,70.45
NA,WP_246513707.1,1,64.0,75.97
NA,WP_203064781.1,1,66.0,81.14
NA,WP_203064782.1,1,68.0,85.19
NA,WP_203064783.1,1,66.0,84.28
NA,WP_203064784.1,1,69.0,86.85
NA,WP_203064785.1,1,65.0,88.27
NA,WP_035093045.1,1,67.0,87.45
NA,WP_203064786.1,1,65.0,86.15
NA,WP_203064787.1,1,66.0,84.49
NA,WP_246513407.1,1,64.0,85.09
NA,WP_246513409.1,1,63.0,69.43
NA,WP_203064788.1,1,61.0,77.2
NA,WP_203064789.1,1,61.0,73.78
NA,WP_203064790.1,1,62.0,68.79
NA,WP_246513411.1,1,66.0,81.97
NA,WP_203064791.1,1,67.0,83.45
NA,WP_203064792.1,1,63.0,89.3
NA,WP_203064793.1,1,63.0,88.69
NA,WP_203064794.1,1,64.0,90.0
NA,WP_203064795.1,1,64.0,92.43
NA,WP_203064796.1,1,65.0,85.21
NA,WP_035093016.1,1,60.0,83.43
NA,WP_160176303.1,1,62.0,80.79
NA,WP_203064797.1,1,60.0,72.59
NA,WP_203064798.1,1,66.0,77.73
NA,WP_203064799.1,1,61.0,77.32
NA,WP_203064800.1,1,62.0,79.76
NA,WP_202050222.1,1,62.0,74.33
NA,WP_203064801.1,1,63.0,79.38
NA,WP_035093003.1,1,60.0,80.33
NA,WP_246513709.1,1,60.0,80.94
NA,WP_246513413.1,1,61.0,73.84
NA,WP_203064803.1,1,63.0,72.06
NA,WP_203064804.1,1,61.0,79.58
NA,WP_035030149.1,1,60.0,82.89
NA,WP_203064805.1,1,62.0,75.14
NA,WP_246513711.1,1,61.0,71.07
NA,WP_246513713.1,1,62.0,78.64
NA,WP_203064808.1,1,64.0,76.42
NA,WP_246513415.1,1,64.0,78.23
NA,WP_203064810.1,1,65.0,80.88
NA,WP_203064811.1,1,66.0,82.32
NA,WP_203064812.1,1,63.0,89.94
NA,WP_203064813.1,1,65.0,84.39
NA,WP_052015320.1,1,66.0,87.42
NA,WP_203064814.1,1,64.0,82.42
NA,WP_203064815.1,1,66.0,81.3
NA,WP_203064816.1,1,65.0,82.82
NA,WP_203064817.1,1,65.0,86.53
NA,WP_203064818.1,1,66.0,84.52
NA,WP_203064819.1,1,63.0,85.43
NA,WP_160176262.1,1,66.0,76.47
NA,WP_203064820.1,1,66.0,80.41
NA,WP_182397512.1,1,65.0,85.26
NA,WP_203064821.1,1,64.0,81.62
NA,WP_035033692.1,1,64.0,91.15
NA,WP_035033693.1,1,62.0,84.62
NA,WP_035033694.1,1,63.0,87.34
NA,WP_081840575.1,1,66.0,85.23
glxR,WP_203064822.1,1,65.0,83.92
NA,WP_246513418.1,1,67.0,81.9
NA,WP_035033697.1,1,57.99999999999999,80.68
NA,WP_203064823.1,1,64.0,83.27
coaBC,WP_203064824.1,1,68.0,83.84
NA,WP_203064825.1,1,63.0,75.4
NA,WP_203064826.1,1,63.0,82.9
NA,WP_035095081.1,1,65.0,82.72
NA,WP_052152648.1,1,64.0,86.07
NA,WP_203064827.1,1,64.0,86.84
NA,WP_203064828.1,1,67.0,86.88
NA,WP_246513419.1,1,67.0,83.99
NA,WP_203064830.1,1,67.0,78.77
NA,WP_203064831.1,1,66.0,82.2
NA,WP_203064832.1,1,64.0,78.14
NA,WP_203064833.1,1,64.0,83.86
NA,WP_203064834.1,1,66.0,80.62
NA,WP_203064835.1,1,64.0,84.84
NA,WP_182397526.1,1,65.0,83.41
NA,WP_203064836.1,1,67.0,75.99
NA,WP_203064837.1,1,67.0,76.42
NA,WP_203064838.1,1,68.0,83.44
NA,WP_203064839.1,1,66.0,82.79
NA,WP_203064840.1,1,64.0,76.53
NA,WP_203064841.1,1,65.0,83.94
NA,WP_182397536.1,1,65.0,84.15
NA,WP_203064842.1,1,66.0,83.36
NA,WP_035035849.1,1,66.0,82.74
sugE,WP_035035851.1,1,63.0,80.0
NA,WP_052015599.1,1,66.0,84.8
NA,WP_203064844.1,1,62.0,86.15
NA,WP_203064845.1,1,68.0,83.04
ndk,WP_035096154.1,1,63.0,81.68
NA,WP_203064846.1,1,66.0,82.35
NA,WP_203064847.1,1,64.0,87.1
NA,WP_152572089.1,1,67.0,79.71
NA,WP_203064848.1,1,66.0,82.78
NA,WP_035034353.1,1,64.0,87.46
NA,WP_246513421.1,1,62.0,87.24
NA,WP_203064849.1,1,67.0,80.85
NA,WP_203064850.1,1,68.0,86.53
NA,WP_246513424.1,1,65.0,86.4
NA,WP_203064851.1,1,64.0,81.27
lptD,WP_203064852.1,1,64.0,83.69
NA,WP_203064853.1,1,63.0,84.7
pdxA,WP_246513426.1,1,67.0,81.68
rsmA,WP_203064854.1,1,66.0,80.74
NA,WP_203064855.1,1,60.0,65.12
NA,WP_203064856.1,1,61.0,84.62
gmk,WP_246513429.1,1,60.0,81.77
NA,WP_203064857.1,1,66.0,81.6
mltG,WP_081840615.1,1,63.0,85.52
NA,WP_035034379.1,1,57.99999999999999,79.71
fabG,WP_035092029.1,1,66.0,85.17
fabD,WP_246513715.1,1,68.0,84.14
NA,WP_203064859.1,1,61.0,71.25
NA,WP_203064860.1,1,60.0,73.56
NA,WP_197030238.1,1,71.0,79.2
rpsF,WP_203064861.1,1,63.0,82.26
rpsR,WP_035034390.1,1,67.0,90.67
rplI,WP_035034392.1,1,65.0,75.94
arsC,WP_203064862.1,1,65.0,84.0
arsB,WP_203064863.1,1,62.0,81.58
NA,WP_203064864.1,1,67.0,82.41
NA,WP_035034398.1,1,61.0,66.67
NA,WP_156046403.1,1,66.0,82.93
NA,WP_203064865.1,1,63.0,78.79
NA,WP_203064866.1,1,67.0,85.71
NA,WP_152571914.1,1,62.0,80.82
NA,WP_203064867.1,1,67.0,91.36
NA,WP_246513431.1,1,70.0,89.06
NA,WP_203064868.1,1,70.0,82.75
NA,WP_035092051.1,1,62.0,82.55
alr,WP_035034414.1,1,67.0,88.32
NA,WP_203064869.1,1,66.0,80.92
radA,WP_203064870.1,1,69.0,86.68
NA,WP_203064871.1,1,62.0,85.71
NA,WP_203064872.1,1,69.0,84.58
NA,WP_035092059.1,1,64.0,83.33
purF,WP_035034428.1,1,64.0,82.99
NA,WP_203064873.1,1,68.0,87.45
NA,WP_203064874.1,1,60.0,70.0
NA,WP_035034434.1,1,66.0,86.09
der,WP_035092064.1,1,65.0,85.71
NA,WP_203064875.1,1,70.0,78.78
NA,WP_203064876.1,1,68.0,85.12
NA,WP_203064877.1,1,63.0,82.12
NA,WP_203064878.1,1,65.0,81.7
NA,WP_203064879.1,1,68.0,79.67
NA,WP_203064880.1,1,64.0,81.25
prmB,WP_203064881.1,1,65.0,77.81
NA,WP_203064882.1,1,56.00000000000001,56.28
NA,WP_174835044.1,1,61.0,71.26
NA,WP_174838773.1,1,64.0,76.92
NA,WP_203064883.1,1,62.0,70.99
NA,WP_174835046.1,1,57.99999999999999,68.61
NA,WP_203064884.1,1,65.0,70.57
NA,WP_203064885.1,1,60.0,68.08
NA,WP_203064886.1,1,57.99999999999999,70.66
NA,WP_246513433.1,1,61.0,61.29
NA,WP_203066460.1,1,65.0,75.0
NA,WP_203066461.1,1,62.0,72.09
NA,WP_203064887.1,1,65.0,76.25
NA,WP_203064888.1,1,63.0,76.5
NA,WP_203064889.1,1,67.0,81.6
NA,WP_203064890.1,1,69.0,85.47
NA,WP_203064891.1,1,62.0,79.41
NA,WP_203064892.1,1,70.0,77.08
NA,WP_246513716.1,1,66.0,80.77
NA,WP_203064894.1,1,57.99999999999999,63.54
NA,WP_203064895.1,1,60.0,64.71
NA,WP_246513718.1,1,65.0,77.1
tetR(G),WP_203064897.1,1,59.0,67.84
tet(G),WP_203064898.1,1,56.00000000000001,57.07
NA,WP_246513434.1,1,66.0,79.73
NA,WP_049339219.1,1,53.0,55.62
NA,WP_203064900.1,1,65.0,81.32
NA,WP_171009991.1,1,65.0,82.67
NA,WP_021696279.1,1,64.0,85.15
NA,WP_174835068.1,1,68.0,82.14
NA,WP_171379770.1,1,56.00000000000001,72.41
